cimpffimgeipdhnhjohpbehjkcdpjolg
1668098910.227936
3.4338
68232.308
19542.674
164993.108
252045.498
cimpffimgeipdhnhjohpbehjkcdpjolg
1668098977.178537
2.268682
47904.174
12920.377
182855.91700000002
254119.589
cimpffimgeipdhnhjohpbehjkcdpjolg
1668099042.950618
2.606755
57944.371
15142.234
176708.34900000002
253494.285
cimpffimgeipdhnhjohpbehjkcdpjolg
1668099109.080316
2.438063
53177.293
14073.511
172690.78100000002
253168.908
cimpffimgeipdhnhjohpbehjkcdpjolg
1668099175.000809
2.075186
48949.093
12313.994
184755.875
253943.747
cimpffimgeipdhnhjohpbehjkcdpjolg
1668099240.545839
2.481802
57561.315
14638.452000000001
174931.498
253169.76200000002
cimpffimgeipdhnhjohpbehjkcdpjolg
1668099306.613146
2.711871
57585.363000000005
15585.409
170147.635
253341.514
cimpffimgeipdhnhjohpbehjkcdpjolg
1668099372.882631
1.724453
41306.352
10184.544
207335.468
256048.53900000002
cimpffimgeipdhnhjohpbehjkcdpjolg
1668099438.110536
2.528337
57741.551
14850.304
193543.57200000001
254940.692
cimpffimgeipdhnhjohpbehjkcdpjolg
1668099504.157345
2.626537
57600.438
15165.367
179352.263
253465.476
cimpffimgeipdhnhjohpbehjkcdpjolg
1668099696.10562
2.593091
58445.285
15172.508
183419.452
253107.079
cimpffimgeipdhnhjohpbehjkcdpjolg
1668099762.229871
2.652829
57908.787000000004
15337.547
160763.81
251352.323
cimpffimgeipdhnhjohpbehjkcdpjolg
1668099828.413835
2.75755
58360.568
15749.776
180076.321
253380.821
cimpffimgeipdhnhjohpbehjkcdpjolg
1668099894.609898
4.017631
83423.493
23011.721
149010.055
250526.70200000002
cimpffimgeipdhnhjohpbehjkcdpjolg
1668099962.133113
2.644774
58341.83
15303.733
177723.788
254066.915
cimpffimgeipdhnhjohpbehjkcdpjolg
1668100028.308891
2.585099
60806.974
15278.769
184263.261
253561.18
cimpffimgeipdhnhjohpbehjkcdpjolg
1668100094.336053
2.518763
58000.217000000004
14772.545
183111.653
253847.495
cimpffimgeipdhnhjohpbehjkcdpjolg
1668100160.452589
2.678932
62219.69
15795.308
182839.681
252867.09
cimpffimgeipdhnhjohpbehjkcdpjolg
1668100226.63761
2.715915
58227.634
15685.019
177921.42
253284.264
cimpffimgeipdhnhjohpbehjkcdpjolg
1668100292.920194
2.659342
59622.529
15485.861
183307.575
253144.067
cimpffimgeipdhnhjohpbehjkcdpjolg
1668100485.136665
1.349118
33087.562
8099.161
110920.126
246021.892
cimpffimgeipdhnhjohpbehjkcdpjolg
1668100549.997304
1.934194
39037.62
10893.099
177731.112
252732.08000000002
cimpffimgeipdhnhjohpbehjkcdpjolg
1668100615.402316
1.379811
34135.106
8279.032000000001
110975.119
246105.87600000002
cimpffimgeipdhnhjohpbehjkcdpjolg
1668100680.258531
1.731091
39487.753000000004
10143.285
190820.19
255406.206
cimpffimgeipdhnhjohpbehjkcdpjolg
1668100745.502311
2.37472
58522.616
14319.238000000001
91116.71
244285.873
cimpffimgeipdhnhjohpbehjkcdpjolg
1668100811.396028
1.376406
33519.446
8215.128
110860.129
246183.208
cimpffimgeipdhnhjohpbehjkcdpjolg
1668100876.244771
1.361123
33131.874
8127.726000000001
114338.02500000001
246287.638
cimpffimgeipdhnhjohpbehjkcdpjolg
1668100941.074552
1.381816
33679.54
8285.196
112160.96800000001
246295.268
cimpffimgeipdhnhjohpbehjkcdpjolg
1668101005.914606
1.392017
33264.807
8264.871000000001
111801.777
246118.755
cimpffimgeipdhnhjohpbehjkcdpjolg
1668101070.776706
1.356344
33259.071
8116.74
107721.709
245628.765
cimpffimgeipdhnhjohpbehjkcdpjolg
1668101260.674522
1.354672
32935.279
8074.442
121848.626
247783.973
cimpffimgeipdhnhjohpbehjkcdpjolg
1668101325.486515
1.413817
34225.499
8454.874
121878.716
248128.576
cimpffimgeipdhnhjohpbehjkcdpjolg
1668101390.42195
1.424081
35729.950000000004
8591.836
122425.285
248110.021
cimpffimgeipdhnhjohpbehjkcdpjolg
1668101455.351587
1.388016
33844.274
8289.164
127716.28600000001
248830.845
cimpffimgeipdhnhjohpbehjkcdpjolg
1668101520.214582
1.432925
34832.735
8611.673
122237.541
248178.685
cimpffimgeipdhnhjohpbehjkcdpjolg
1668101585.137643
2.557192
58867.037000000004
15078.392
181838.768
253951.681
cimpffimgeipdhnhjohpbehjkcdpjolg
1668101651.180701
1.488601
37915.492
9096.107
126430.035
248593.114
cimpffimgeipdhnhjohpbehjkcdpjolg
1668101716.124997
1.369078
33887.548
8270.181
123035.94
247986.24300000002
cimpffimgeipdhnhjohpbehjkcdpjolg
1668101781.037924
1.378285
34895.174
8313.211
124350.14600000001
248497.83800000002
cimpffimgeipdhnhjohpbehjkcdpjolg
1668101845.924459
2.361823
55793.742
14018.824
104343.543
246476.237
cimpffimgeipdhnhjohpbehjkcdpjolg
1668102036.793055
1.558965
40189.045
9509.925000000001
117862.125
246427.897
cimpffimgeipdhnhjohpbehjkcdpjolg
1668102101.770578
1.380345
34266.941
8208.597
122273.307
246880.166
cimpffimgeipdhnhjohpbehjkcdpjolg
1668102166.56642
1.355924
33644.384
8125.04
105493.505
245100.996
cimpffimgeipdhnhjohpbehjkcdpjolg
1668102231.27289
1.388828
34887.118
8361.673
102690.228
244960.31
cimpffimgeipdhnhjohpbehjkcdpjolg
1668102296.085994
1.367071
34645.175
8247.721
102888.591
245193.342
cimpffimgeipdhnhjohpbehjkcdpjolg
1668102360.872371
1.389365
35044.283
8371.316
102636.639
245047.652
cimpffimgeipdhnhjohpbehjkcdpjolg
1668102425.671143
1.438656
33845.067
8569.375
104790.443
245335.065
cimpffimgeipdhnhjohpbehjkcdpjolg
1668102490.50995
1.611283
39275.839
9649.755000000001
125825.789
248465.551
cimpffimgeipdhnhjohpbehjkcdpjolg
1668102555.534316
3.254884
63276.816
18337.356
81178.93000000001
242882.007
cimpffimgeipdhnhjohpbehjkcdpjolg
1668102622.249511
0.936971
22800.967
5620.225
120122.312
246691.56900000002
cimpffimgeipdhnhjohpbehjkcdpjolg
1668102811.704996
1.484207
39126.364
9142.066
113814.04000000001
246043.25400000002
cimpffimgeipdhnhjohpbehjkcdpjolg
1668102876.619176
1.434894
35297.883
8639.565
116370.00200000001
246215.983
cimpffimgeipdhnhjohpbehjkcdpjolg
1668102941.528982
2.212808
52156.91
13143.704
98172.72200000001
244931.38
cimpffimgeipdhnhjohpbehjkcdpjolg
1668103007.238119
1.386363
33464.697
8300.027
113728.346
245874.188
cimpffimgeipdhnhjohpbehjkcdpjolg
1668103072.065877
1.654847
39281.699
9822.18
170877.676
253214.134
cimpffimgeipdhnhjohpbehjkcdpjolg
1668103137.214577
3.543385
78639.691
20769.234
81930.76
243193.16400000002
cimpffimgeipdhnhjohpbehjkcdpjolg
1668103204.259826
1.481958
36823.88
8885.292
114891.124
246199.87
cimpffimgeipdhnhjohpbehjkcdpjolg
1668103269.242159
1.059935
25274.045000000002
6338.057
131102.752
247558.448
cimpffimgeipdhnhjohpbehjkcdpjolg
1668103333.732026
1.419322
35847.992
8566.567000000001
128476.11200000001
247581.764
cimpffimgeipdhnhjohpbehjkcdpjolg
1668103398.614859
1.395727
34142.612
8378.884
116923.773
246252.483
cimpffimgeipdhnhjohpbehjkcdpjolg
1668103589.778547
1.883958
40301.594
10786.533
184773.636
253919.08800000002
cimpffimgeipdhnhjohpbehjkcdpjolg
1668103655.19051
1.407521
34796.236
8475.686
126045.454
248168.249
cimpffimgeipdhnhjohpbehjkcdpjolg
1668103720.258495
1.408434
34063.328
8459.878
118945.31300000001
247422.95
cimpffimgeipdhnhjohpbehjkcdpjolg
1668103785.168619
2.398923
56885.413
14272.119
100317.554
245875.71300000002
cimpffimgeipdhnhjohpbehjkcdpjolg
1668103851.087885
1.437999
34164.708
8570.962
127047.099
248250.218
cimpffimgeipdhnhjohpbehjkcdpjolg
1668103916.007574
1.38706
33564.551
8282.144
124163.80500000001
247998.938
cimpffimgeipdhnhjohpbehjkcdpjolg
1668103980.878141
2.690166
64012.837
16034.994
98474.052
245776.714
cimpffimgeipdhnhjohpbehjkcdpjolg
1668104047.102623
1.726708
40059.345
10133.763
166752.381
252137.59900000002
cimpffimgeipdhnhjohpbehjkcdpjolg
1668104112.303699
1.130466
28807.36
6978.6810000000005
133927.636
248683.018
cimpffimgeipdhnhjohpbehjkcdpjolg
1668104176.920546
2.425643
58364.536
14436.608
119699.767
247431.801
cimpffimgeipdhnhjohpbehjkcdpjolg
1668104369.026554
1.805241
41102.312
10551.547
143643.064
250111.421
cimpffimgeipdhnhjohpbehjkcdpjolg
1668104434.336074
4.388936
86321.8
24820.371
114652.539
247912.024
cimpffimgeipdhnhjohpbehjkcdpjolg
1668104502.346253
2.994253
70194.523
17762.955
124847.153
248987.461
cimpffimgeipdhnhjohpbehjkcdpjolg
1668104568.886442
2.670741
63082.846
15836.874
124503.893
248717.625
cimpffimgeipdhnhjohpbehjkcdpjolg
1668104635.036217
1.769581
41125.994
10350.071
151054.056
250769.56100000002
cimpffimgeipdhnhjohpbehjkcdpjolg
1668104700.375124
1.87667
45147.223
11131.319
157484.765
252526.331
cimpffimgeipdhnhjohpbehjkcdpjolg
1668104765.705709
1.853563
44349.19
11045.87
143223.206
249985.383
cimpffimgeipdhnhjohpbehjkcdpjolg
1668104831.056524
2.783363
64077.229
16372.395
132738.674
249612.092
cimpffimgeipdhnhjohpbehjkcdpjolg
1668104897.418879
3.030803
69834.599
17895.218
123969.104
248907.383
cimpffimgeipdhnhjohpbehjkcdpjolg
1668104963.945853
2.664491
61964.685
15654.073
131866.11800000002
249400.60700000002
cimpffimgeipdhnhjohpbehjkcdpjolg
1668105155.481405
1.644507
40268.329
9869.664
180098.233
253112.14500000002
cimpffimgeipdhnhjohpbehjkcdpjolg
1668105220.553167
2.464956
57860.753000000004
14715.966
162220.654
251928.249
cimpffimgeipdhnhjohpbehjkcdpjolg
1668105286.540828
1.665599
39413.107
9829.564
180576.503
253137.597
cimpffimgeipdhnhjohpbehjkcdpjolg
1668105351.679716
1.630655
39550.558
9695.044
172321.764
251946.132
cimpffimgeipdhnhjohpbehjkcdpjolg
1668105416.802
1.529547
37189.48
9083.9
182561.606
253465.476
cimpffimgeipdhnhjohpbehjkcdpjolg
1668105481.886419
1.73842
40555.682
10245.396
177373.752
252805.44400000002
cimpffimgeipdhnhjohpbehjkcdpjolg
1668105547.096965
1.660936
40147.969
9922.582
178163.66700000002
252811.547
cimpffimgeipdhnhjohpbehjkcdpjolg
1668105612.263883
1.315112
30051.314000000002
7643.474
194832.265
254529.07200000001
cimpffimgeipdhnhjohpbehjkcdpjolg
1668105677.041531
3.505535
76820.299
20457.406
158184.592
251285.489
cimpffimgeipdhnhjohpbehjkcdpjolg
1668105744.020022
1.641465
40101.582
9782.384
183090.47400000002
253239.892
cimpffimgeipdhnhjohpbehjkcdpjolg
1668105934.106541
1.41217
38021.509
8693.398000000001
108108.122
245066.267
cimpffimgeipdhnhjohpbehjkcdpjolg
1668105998.943368
1.411273
34707.858
8408.303
110577.903
245551.252
cimpffimgeipdhnhjohpbehjkcdpjolg
1668106063.782584
1.341313
28069.997
7720.073
139483.774
248756.382
cimpffimgeipdhnhjohpbehjkcdpjolg
1668106128.553938
1.358203
33065.773
8146.219
108237.515
245387.312
cimpffimgeipdhnhjohpbehjkcdpjolg
1668106193.334477
1.38949
34857.21
8354.592
122100.701
246631.937
cimpffimgeipdhnhjohpbehjkcdpjolg
1668106258.107972
1.31904
32445.412
7904.887
108412.626
245240.217
cimpffimgeipdhnhjohpbehjkcdpjolg
1668106322.822025
1.37678
34619.846
8297.098
105161.962
245011.397
cimpffimgeipdhnhjohpbehjkcdpjolg
1668106387.555815
1.358828
33438.513
8175.150000000001
109050.258
245481.916
cimpffimgeipdhnhjohpbehjkcdpjolg
1668106452.28114
1.569804
36427.092000000004
9232.337
122507.376
246952.921
cimpffimgeipdhnhjohpbehjkcdpjolg
1668106517.246541
3.485407
61628.626000000004
19067.395
82548.739
243074.085
lokmacldfjfgajcebibmmfohacnikhhd
1668106716.946558
4.419027
49686.701
21368.597
79564.981
244022.752
lokmacldfjfgajcebibmmfohacnikhhd
1668106786.991551
3.558215
44022.165
17464.006
79579.081
243988.084
lokmacldfjfgajcebibmmfohacnikhhd
1668106856.414579
3.712474
44542.428
18219.863
81535.313
244245.59100000001
lokmacldfjfgajcebibmmfohacnikhhd
1668106925.700691
5.675497
48460.691
26282.099000000002
75786.244
243741.685
lokmacldfjfgajcebibmmfohacnikhhd
1668106996.972663
3.974097
47878.478
19465.283
79906.106
244179.611
lokmacldfjfgajcebibmmfohacnikhhd
1668107066.700565
3.929789
44752.266
19137.89
79886.636
243927.72
lokmacldfjfgajcebibmmfohacnikhhd
1668107136.152153
3.843805
48217.162000000004
18993.909
77263.84
243839.95200000002
lokmacldfjfgajcebibmmfohacnikhhd
1668107205.632924
3.323839
43536.021
16493.427
79442.851
244034.043
lokmacldfjfgajcebibmmfohacnikhhd
1668107274.75379
4.303134
46699.71
20698.311
77268.051
243737.719
lokmacldfjfgajcebibmmfohacnikhhd
1668107344.743756
4.122192
46325.504
19971.201
79025.128
243945.726
lokmacldfjfgajcebibmmfohacnikhhd
1668107484.167018
4.094411
46782.411
19930.186
80416.543
243949.449
lokmacldfjfgajcebibmmfohacnikhhd
1668107553.908193
4.157559
48416.624
20248.3
78929.485
243830.18600000002
lokmacldfjfgajcebibmmfohacnikhhd
1668107623.78434
4.02092
48420.897000000004
19654.552
78801.861
244107.285
lokmacldfjfgajcebibmmfohacnikhhd
1668107693.600841
3.992358
47938.537000000004
19488.842
81649.754
244314.926
lokmacldfjfgajcebibmmfohacnikhhd
1668107763.242503
4.141278
48807.798
20192.759000000002
80330.48300000001
244193.46600000001
lokmacldfjfgajcebibmmfohacnikhhd
1668107832.988816
3.724958
44405.709
18202.346
80884.55900000001
243996.14
lokmacldfjfgajcebibmmfohacnikhhd
1668107902.410799
4.149221
46977.419
20154.612
78767.621
244119.12600000002
lokmacldfjfgajcebibmmfohacnikhhd
1668107972.254588
3.567225
45675.42
17682.572
79918.619
243990.586
lokmacldfjfgajcebibmmfohacnikhhd
1668108041.510391
4.360912
44175.546
20711.372
79580.668
243745.897
lokmacldfjfgajcebibmmfohacnikhhd
1668108111.666529
4.141273
48934.506
20170.664
77460.98300000001
243765.733
lokmacldfjfgajcebibmmfohacnikhhd
1668108250.799893
3.916887
46449.039000000004
19083.02
80004.8
244021.53100000002
lokmacldfjfgajcebibmmfohacnikhhd
1668108320.531805
4.454528
47358.216
21346.87
79062.176
243897.56900000002
lokmacldfjfgajcebibmmfohacnikhhd
1668108390.615734
4.214859
47484.985
20325.814000000002
77438.462
243352.405
lokmacldfjfgajcebibmmfohacnikhhd
1668108460.436343
4.000134
48851.621
19573.375
78310.651
244095.139
lokmacldfjfgajcebibmmfohacnikhhd
1668108530.079829
4.531692
48641.477
21665.228
81840.916
244140.793
lokmacldfjfgajcebibmmfohacnikhhd
1668108600.262425
4.307893
47724.549
20805.062
78300.092
244164.17
lokmacldfjfgajcebibmmfohacnikhhd
1668108670.314022
3.765516
45675.42
18444.411
80566.688
243882.615
lokmacldfjfgajcebibmmfohacnikhhd
1668108739.824255
4.284091
48188.902
20746.102
77325.73
243632.98200000002
lokmacldfjfgajcebibmmfohacnikhhd
1668108809.645561
4.216856
46644.778
20352.487
78007.796
243763.231
lokmacldfjfgajcebibmmfohacnikhhd
1668108879.53859
4.159054
49009.945
20216.928
78103.072
244033.494
lokmacldfjfgajcebibmmfohacnikhhd
1668109019.080164
3.348126
44907.294
16715.533
80475.075
244269.761
lokmacldfjfgajcebibmmfohacnikhhd
1668109088.612285
10.088423
57186.56
44674.874
80690.04000000001
244255.41700000002
lokmacldfjfgajcebibmmfohacnikhhd
1668109164.771124
3.60397
45234.625
17744.644
80738.38
244317.612
lokmacldfjfgajcebibmmfohacnikhhd
1668109234.484216
3.643735
44780.464
17947.464
81251.989
244317.124
lokmacldfjfgajcebibmmfohacnikhhd
1668109304.171616
4.394792
47208.497
21031.745
82562.35
244142.93
lokmacldfjfgajcebibmmfohacnikhhd
1668109374.764832
3.237153
44193.124
16231.648000000001
80443.825
244091.783
lokmacldfjfgajcebibmmfohacnikhhd
1668109444.137518
3.422227
45870.794
17080.95
81092.932
244080.552
lokmacldfjfgajcebibmmfohacnikhhd
1668109513.557297
4.035908
45445.44
19489.513
79335.00200000001
243986.192
lokmacldfjfgajcebibmmfohacnikhhd
1668109583.593391
3.69722
43351.94
17994.216
78987.713
243851.366
lokmacldfjfgajcebibmmfohacnikhhd
1668109653.40994
3.999234
45047.98
19368.481
83817.168
244465.011
lokmacldfjfgajcebibmmfohacnikhhd
1668109793.320421
5.017841
48341.979
23687.622
77828.047
243859.728
lokmacldfjfgajcebibmmfohacnikhhd
1668109864.058527
4.219919
46339.726
20320.565
80642.73700000001
244052.964
lokmacldfjfgajcebibmmfohacnikhhd
1668109933.920553
4.640039
49072.629
22246.037
80763.95300000001
244306.381
lokmacldfjfgajcebibmmfohacnikhhd
1668110004.214579
4.019195
46342.654
19441.052
79019.451
243947.19
lokmacldfjfgajcebibmmfohacnikhhd
1668110074.086593
3.910047
46815.432
19093.152000000002
80315.346
243778.794
lokmacldfjfgajcebibmmfohacnikhhd
1668110143.561395
4.483009
49347.713
21532.965
79841.532
244215.927
lokmacldfjfgajcebibmmfohacnikhhd
1668110213.632135
4.220786
48520.75
20357.919
81706.028
244168.869
lokmacldfjfgajcebibmmfohacnikhhd
1668110283.713283
4.324797
48437.986000000004
20889.534
80005.228
244040.086
lokmacldfjfgajcebibmmfohacnikhhd
1668110353.769527
4.576255
49711.115
21986.21
77278.794
243714.464
lokmacldfjfgajcebibmmfohacnikhhd
1668110424.014528
4.611657
48020.995
22025.64
79164.348
244185.837
lokmacldfjfgajcebibmmfohacnikhhd
1668110564.410545
4.487954
48608.702
21508.185
80171.242
244171.31100000002
lokmacldfjfgajcebibmmfohacnikhhd
1668110634.410544
4.616092
47294.679000000004
22044.194
78085.798
243705.919
lokmacldfjfgajcebibmmfohacnikhhd
1668110704.598536
19.659007
68224.373
83439.179
79652.201
244093.674
lokmacldfjfgajcebibmmfohacnikhhd
1668110789.950195
4.11857
45235.236000000004
19789.989
82327.06
244308.517
lokmacldfjfgajcebibmmfohacnikhhd
1668110859.610118
4.171188
47355.714
20182.87
78380.72
243455.31
lokmacldfjfgajcebibmmfohacnikhhd
1668110929.456241
4.006402
46034.672
19378.612
81137.243
244115.037
lokmacldfjfgajcebibmmfohacnikhhd
1668110999.352583
4.290219
47585.327
20677.132
78111.19
243835.619
lokmacldfjfgajcebibmmfohacnikhhd
1668111069.350609
3.821841
46437.687
18728.163
81620.823
244320.48
lokmacldfjfgajcebibmmfohacnikhhd
1668111138.928927
4.088266
46656.436
19767.101
81887.547
244034.592
lokmacldfjfgajcebibmmfohacnikhhd
1668111208.736152
3.848951
45080.329
18787.977
82013.096
244031.297
lokmacldfjfgajcebibmmfohacnikhhd
1668111347.162567
2.946336
44029.612
15065.758
81360.265
244214.279
lokmacldfjfgajcebibmmfohacnikhhd
1668111416.142537
2.773713
43965.097
14373.621000000001
81338.903
244220.017
lokmacldfjfgajcebibmmfohacnikhhd
1668111485.060463
2.519931
44104.806000000004
13366.421
81624.73
243990.037
lokmacldfjfgajcebibmmfohacnikhhd
1668111553.866556
2.642259
44162.485
13875.27
82059.36
244086.411
lokmacldfjfgajcebibmmfohacnikhhd
1668111622.538505
3.074034
46805.788
15723.166000000001
80617.042
244380.478
lokmacldfjfgajcebibmmfohacnikhhd
1668111691.748123
3.254231
44252.451
16285.603000000001
84624.173
244286.545
lokmacldfjfgajcebibmmfohacnikhhd
1668111761.078395
3.163298
45602.239
16049.092
80713.05
244025.987
lokmacldfjfgajcebibmmfohacnikhhd
1668111830.316468
3.302748
43348.277
16423.847
82559.97
244301.377
lokmacldfjfgajcebibmmfohacnikhhd
1668111899.644907
3.387437
47940.307
17081.499
82386.508
244213.791
lokmacldfjfgajcebibmmfohacnikhhd
1668111969.129076
3.324006
47712.768000000004
16840.411
82022.86200000001
244358.078
lokmacldfjfgajcebibmmfohacnikhhd
1668112108.082003
2.590536
42753.186
13539.699
81947.605
243988.999
lokmacldfjfgajcebibmmfohacnikhhd
1668112176.863154
3.764014
47472.23
18603.407
81027.808
244105.027
lokmacldfjfgajcebibmmfohacnikhhd
1668112247.004438
3.169966
45422.003000000004
16037.251
85084.621
244654.83000000002
lokmacldfjfgajcebibmmfohacnikhhd
1668112316.246046
3.355359
45483.770000000004
16789.569
83257.844
244415.024
lokmacldfjfgajcebibmmfohacnikhhd
1668112385.889252
3.57586
44344.186
17528.886
82702.364
244456.71
lokmacldfjfgajcebibmmfohacnikhhd
1668112455.536845
3.024618
42968.03
15267.966
81791.966
244046.25100000002
lokmacldfjfgajcebibmmfohacnikhhd
1668112524.598562
2.593984
42365.309
13548.061
83383.026
244477.829
lokmacldfjfgajcebibmmfohacnikhhd
1668112593.230629
3.611444
45172.492
17780.594
84785.855
244665.267
lokmacldfjfgajcebibmmfohacnikhhd
1668112732.109321
3.903656
45387.701
19012.647
81512.975
244036.79
lokmacldfjfgajcebibmmfohacnikhhd
1668112802.121699
2.956571
43444.591
15039.573
81807.041
244074.75400000002
lokmacldfjfgajcebibmmfohacnikhhd
1668112941.52768
3.548583
45702.642
17578.385000000002
81599.644
244232.407
lokmacldfjfgajcebibmmfohacnikhhd
1668113011.17452
2.830619
43986.093
14574.364
86387.902
244655.014
lokmacldfjfgajcebibmmfohacnikhhd
1668113080.101635
3.537346
45246.588
17489.701
81170.569
244425.82700000002
lokmacldfjfgajcebibmmfohacnikhhd
1668113149.960221
3.602548
43735.423
17672.013
83261.201
244312.301
lokmacldfjfgajcebibmmfohacnikhhd
1668113219.645239
3.17167
43233.898
15845.541000000001
86967.978
244706.527
lokmacldfjfgajcebibmmfohacnikhhd
1668113289.078547
40.587824
107323.029
170723.989
73784.173
243617.72400000002
lokmacldfjfgajcebibmmfohacnikhhd
1668113395.689625
3.06066
44386.971
15537.07
80683.143
244167.58800000002
lokmacldfjfgajcebibmmfohacnikhhd
1668113464.844002
3.228308
44886.36
16299.885
90747.509
245045.271
lokmacldfjfgajcebibmmfohacnikhhd
1668113534.078224
3.424074
50558.098
17556.291
83974.272
244458.17500000002
lokmacldfjfgajcebibmmfohacnikhhd
1668113603.432295
2.735339
43259.838
14172.449
83307.588
244547.897
lokmacldfjfgajcebibmmfohacnikhhd
1668113742.049008
3.184032
43593.090000000004
15992.086000000001
82684.84700000001
244226.42500000002
lokmacldfjfgajcebibmmfohacnikhhd
1668113811.382284
3.293406
43733.836
16454.792
82189.182
244254.318
lokmacldfjfgajcebibmmfohacnikhhd
1668113880.777809
3.198459
46644.534
16283.284
81386.633
244087.632
lokmacldfjfgajcebibmmfohacnikhhd
1668113950.077902
3.539951
50277.886
17859.756
81840.672
244168.443
lokmacldfjfgajcebibmmfohacnikhhd
1668114019.692879
3.053901
46844.301
15651.572
82563.265
244290.695
lokmacldfjfgajcebibmmfohacnikhhd
1668114088.970553
3.352974
46930.178
16890.765
84908.10800000001
244242.234
lokmacldfjfgajcebibmmfohacnikhhd
1668114158.377678
3.094866
44021.921
15652.73
82870.943
244386.46
lokmacldfjfgajcebibmmfohacnikhhd
1668114227.509612
3.28373
44245.553
16415.73
83270.173
244302.048
lokmacldfjfgajcebibmmfohacnikhhd
1668114296.921506
3.052565
45015.388
15510.825
83732.573
244363.632
lokmacldfjfgajcebibmmfohacnikhhd
1668114365.985606
2.566365
44160.287000000004
13497.157000000001
83353.181
244335.801
ikdgincnppajmpmnhfheflannaiapmlm
1668114563.169596
0.533489
9063.636
2831.719
12166.778
226264.008
ikdgincnppajmpmnhfheflannaiapmlm
1668114626.978454
0.511232
7465.374
2615.045
8132.059
226316.193
ikdgincnppajmpmnhfheflannaiapmlm
1668114690.78661
0.588247
7862.651
2934.013
10011.388
226517.79200000002
ikdgincnppajmpmnhfheflannaiapmlm
1668114754.682723
0.532125
7615.52
2704.522
7813.151
226293.182
ikdgincnppajmpmnhfheflannaiapmlm
1668114818.520051
0.527844
7265.179
2655.511
7738.078
226261.749
ikdgincnppajmpmnhfheflannaiapmlm
1668114882.370871
0.528565
7555.767
2674.065
7919.901
226399.201
ikdgincnppajmpmnhfheflannaiapmlm
1668114946.215253
0.538111
7452.252
2716.9120000000003
8319.803
226269.99
ikdgincnppajmpmnhfheflannaiapmlm
1668115010.07451
0.552815
7427.166
2779.107
8359.171
226329.499
ikdgincnppajmpmnhfheflannaiapmlm
1668115073.933669
0.546962
7087.201
2708.489
7832.866
226340.05800000002
ikdgincnppajmpmnhfheflannaiapmlm
1668115137.779876
0.560745
7172.101000000001
2765.069
7839.213
226208.527
ikdgincnppajmpmnhfheflannaiapmlm
1668115267.60521
2.537832
54806.256
14643.151
23576.295000000002
228631.128
ikdgincnppajmpmnhfheflannaiapmlm
1668115333.586603
1.979366
43516.307
11467.988
30393.904000000002
229553.978
ikdgincnppajmpmnhfheflannaiapmlm
1668115399.015512
1.987419
43400.829
11526.155
31386.15
229511.497
ikdgincnppajmpmnhfheflannaiapmlm
1668115464.414618
2.185291
49222.164000000004
12767.057
28649.219
229382.897
ikdgincnppajmpmnhfheflannaiapmlm
1668115530.062275
1.957854
42985.241
11331.148000000001
31462.627
229605.614
ikdgincnppajmpmnhfheflannaiapmlm
1668115595.465691
2.30352
50930.595
13382.962
25952.143
229178.856
ikdgincnppajmpmnhfheflannaiapmlm
1668115661.229583
1.999463
43173.901
11571.87
31371.135000000002
229534.20200000002
ikdgincnppajmpmnhfheflannaiapmlm
1668115726.636882
2.77155
55684.183000000005
15704.977
21585.638
228772.42500000002
ikdgincnppajmpmnhfheflannaiapmlm
1668115792.89694
2.592961
58215.732
15099.326000000001
51605.703
234408.763
ikdgincnppajmpmnhfheflannaiapmlm
1668115858.882546
1.983373
43501.964
11534.76
33556.311
229595.48200000002
ikdgincnppajmpmnhfheflannaiapmlm
1668115989.141061
0.185945
3394.462
1000.974
36797.025
229948.508
ikdgincnppajmpmnhfheflannaiapmlm
1668116053.684185
0.183317
3441.092
973.02
34191.807
229861.35
ikdgincnppajmpmnhfheflannaiapmlm
1668116118.231783
0.188543
3833.5480000000002
1046.079
34358.249
229900.595
ikdgincnppajmpmnhfheflannaiapmlm
1668116182.776945
0.184535
3602.774
1010.312
34457.614
229740.318
ikdgincnppajmpmnhfheflannaiapmlm
1668116247.372923
0.192511
3621.451
1035.703
33779.76
229966.514
ikdgincnppajmpmnhfheflannaiapmlm
1668116312.017504
0.174328
3318.7780000000002
949.5210000000001
34792.086
229804.405
ikdgincnppajmpmnhfheflannaiapmlm
1668116376.45284
0.183474
3383.964
968.748
32360.207000000002
229821.921
ikdgincnppajmpmnhfheflannaiapmlm
1668116441.016737
0.184517
3510.856
996.7620000000001
32396.95
229827.537
ikdgincnppajmpmnhfheflannaiapmlm
1668116505.522188
0.19139
3435.66
1017.636
35243.806000000004
229939.597
ikdgincnppajmpmnhfheflannaiapmlm
1668116570.096016
0.182085
3451.163
977.292
34032.872
229747.337
ikdgincnppajmpmnhfheflannaiapmlm
1668116699.745923
1.461141
36885.892
8921.425000000001
55206.402
235940.802
ikdgincnppajmpmnhfheflannaiapmlm
1668116764.766587
0.486283
9626.745
2711.541
11434.053
227215.84900000002
ikdgincnppajmpmnhfheflannaiapmlm
1668116828.799949
1.27837
33423.925
8065.592000000001
131349.334
253238.67
ikdgincnppajmpmnhfheflannaiapmlm
1668116893.670608
0.364987
7417.705
2067.622
8777.627
226084.26
ikdgincnppajmpmnhfheflannaiapmlm
1668116957.405949
1.045017
20019.419
5945.725
40000.874
232851.272
ikdgincnppajmpmnhfheflannaiapmlm
1668117022.049531
1.186525
27821.951
7025.3730000000005
47049.501000000004
234694.65
ikdgincnppajmpmnhfheflannaiapmlm
1668117086.789293
1.111334
28177.174
6744.245
50546.562
235217.477
ikdgincnppajmpmnhfheflannaiapmlm
1668117151.43072
1.18193
28940.966
7097.5160000000005
38043.055
233420.728
ikdgincnppajmpmnhfheflannaiapmlm
1668117216.203906
1.19284
29552.476000000002
7210.553
45318.61
234562.265
ikdgincnppajmpmnhfheflannaiapmlm
1668117280.968037
0.35968
7140.058
2030.574
8429.605
226065.217
ikdgincnppajmpmnhfheflannaiapmlm
1668117410.083352
0.640627
7986.674
3215.507
6086.349
225503.634
ikdgincnppajmpmnhfheflannaiapmlm
1668117474.667906
0.490753
8398.538
2667.5950000000003
5546.8
225500.583
ikdgincnppajmpmnhfheflannaiapmlm
1668117539.105708
0.503895
8012.491
2657.7690000000002
5693.589
225431.796
ikdgincnppajmpmnhfheflannaiapmlm
1668117603.570895
0.453209
7395.4890000000005
2441.888
5946.579
225568.21
ikdgincnppajmpmnhfheflannaiapmlm
1668117668.022642
0.826404
6871.747
3859.8540000000003
7784.526
225648.714
ikdgincnppajmpmnhfheflannaiapmlm
1668117732.784301
0.664118
7285.7480000000005
3261.649
5581.467000000001
225529.147
ikdgincnppajmpmnhfheflannaiapmlm
1668117797.462847
0.476281
7231.793000000001
2506.951
5679.795
225498.996
ikdgincnppajmpmnhfheflannaiapmlm
1668117861.898916
0.510942
7727.031
2712.151
5337.0830000000005
225536.89800000002
ikdgincnppajmpmnhfheflannaiapmlm
1668117926.373428
0.458589
7119.610000000001
2423.8830000000003
6084.152
225576.327
ikdgincnppajmpmnhfheflannaiapmlm
1668117990.784204
0.465829
7756.0830000000005
2554.01
5416.552
225514.92500000002
ikdgincnppajmpmnhfheflannaiapmlm
1668118121.694303
2.67763
49346.248
14566.369
83642.913
242304.068
ikdgincnppajmpmnhfheflannaiapmlm
1668118188.089318
2.531924
35760.834
12935.819
77045.762
241558.646
ikdgincnppajmpmnhfheflannaiapmlm
1668118254.302609
2.627404
41971.145000000004
13847.987000000001
88041.82800000001
243153.67500000002
ikdgincnppajmpmnhfheflannaiapmlm
1668118320.581024
2.461212
40296.039000000004
13078.336000000001
80018.045
241406.303
ikdgincnppajmpmnhfheflannaiapmlm
1668118386.838603
3.043252
42687.818
15558.493
81736.546
242156.057
ikdgincnppajmpmnhfheflannaiapmlm
1668118453.618127
2.653163
41303.606
13823.512
82468.23300000001
242055.71600000001
ikdgincnppajmpmnhfheflannaiapmlm
1668118520.026739
3.580839
40928.179000000004
17487.138
77407.456
241285.63700000002
ikdgincnppajmpmnhfheflannaiapmlm
1668118587.379812
2.562043
38062.524
13220.486
80064.554
241501.457
ikdgincnppajmpmnhfheflannaiapmlm
1668118653.629198
3.724514
41627.518000000004
18220.168
77019.273
241024.102
ikdgincnppajmpmnhfheflannaiapmlm
1668118721.084208
2.922622
41987.991
14969.749
83215.058
241959.83000000002
ikdgincnppajmpmnhfheflannaiapmlm
1668118853.727899
1.225873
7592.2660000000005
5426.927
66590.345
241528.19
ikdgincnppajmpmnhfheflannaiapmlm
1668118918.879582
1.169548
7709.636
5230.5160000000005
64100.055
241623.649
ikdgincnppajmpmnhfheflannaiapmlm
1668118984.011004
1.107698
7415.569
4942.553
62718.590000000004
241404.28900000002
ikdgincnppajmpmnhfheflannaiapmlm
1668119049.047904
1.153768
7321.82
5136.95
63107.932
241236.443
ikdgincnppajmpmnhfheflannaiapmlm
1668119114.070313
1.176405
7402.63
5243.395
64001.301
241609.733
ikdgincnppajmpmnhfheflannaiapmlm
1668119179.200281
1.1106
7247.784000000001
4966.113
62610.374
241192.314
ikdgincnppajmpmnhfheflannaiapmlm
1668119244.3014
1.293215
7713.299
5731.4310000000005
61392.36
241294.121
ikdgincnppajmpmnhfheflannaiapmlm
1668119309.54252
1.345121
11657.563
6146.225
60132.659
241250.115
ikdgincnppajmpmnhfheflannaiapmlm
1668119374.877108
1.131381
7299.542
5057.055
63080.405
241283.623
ikdgincnppajmpmnhfheflannaiapmlm
1668119439.948157
1.228002
7853.923
5443.895
65006.303
241574.21
ikdgincnppajmpmnhfheflannaiapmlm
1668119571.07931
2.310076
49210.14
13019.498
84035.185
238998.778
ikdgincnppajmpmnhfheflannaiapmlm
1668119637.045923
2.331785
58386.509
13739.222
90563.244
244310.105
ikdgincnppajmpmnhfheflannaiapmlm
1668119702.866786
3.804949
113822.158
23631.104
62758.384
235378.547
ikdgincnppajmpmnhfheflannaiapmlm
1668119770.124661
2.874552
74328.301
17090.899
50306.878000000004
233835.278
ikdgincnppajmpmnhfheflannaiapmlm
1668119836.449613
1.514161
39460.043
8999.489
98905.936
238219.238
ikdgincnppajmpmnhfheflannaiapmlm
1668119901.41588
2.153042
44885.444
12084.564
50384.759
234105.053
ikdgincnppajmpmnhfheflannaiapmlm
1668119966.99853
2.629613
73697.993
15944.722
56495.583
234619.211
ikdgincnppajmpmnhfheflannaiapmlm
1668120033.080158
3.274613
89444.71800000001
19850.535
69579.839
235544.441
ikdgincnppajmpmnhfheflannaiapmlm
1668120099.821718
2.618467
67201.122
15522.543
51601.186
233977.734
ikdgincnppajmpmnhfheflannaiapmlm
1668120165.944462
1.927951
53294.603
11768.403
61098.781
236004.828
ikdgincnppajmpmnhfheflannaiapmlm
1668120295.665443
0.188918
3587.82
1014.585
6649.275000000001
226116.059
ikdgincnppajmpmnhfheflannaiapmlm
1668120359.182458
0.179902
3432.303
947.813
6829.816
226266.20500000002
ikdgincnppajmpmnhfheflannaiapmlm
1668120422.656513
0.185946
3709.7690000000002
1007.687
6597.212
226170.014
ikdgincnppajmpmnhfheflannaiapmlm
1668120486.151811
0.180081
3560.782
970.517
6698.835
226047.884
ikdgincnppajmpmnhfheflannaiapmlm
1668120549.614262
0.184195
3540.03
993.711
6446.578
225980.806
ikdgincnppajmpmnhfheflannaiapmlm
1668120613.111409
0.180387
3527.701
977.293
6468.733
226135.163
ikdgincnppajmpmnhfheflannaiapmlm
1668120676.614698
0.186211
3649.832
995.664
8479.898000000001
226271.45500000002
ikdgincnppajmpmnhfheflannaiapmlm
1668120740.104359
0.179437
3512.198
969.663
6457.259
226079.621
ikdgincnppajmpmnhfheflannaiapmlm
1668120803.602532
0.180417
3419.12
958.799
6718.366
226187.775
ikdgincnppajmpmnhfheflannaiapmlm
1668120867.101514
0.178692
3367.545
948.484
6688.032
226184.174
ikdgincnppajmpmnhfheflannaiapmlm
1668120997.565193
1.386889
25152.829
7587.078
20246.957000000002
231592.97400000002
ikdgincnppajmpmnhfheflannaiapmlm
1668121064.280148
0.987292
21523.748
5721.054
25255.795000000002
231842.73
ikdgincnppajmpmnhfheflannaiapmlm
1668121130.586741
0.89808
19459.545000000002
5236.07
22529.362
231906.389
ikdgincnppajmpmnhfheflannaiapmlm
1668121196.906156
1.009459
20454.537
5774.888
20003.184
231605.791
ikdgincnppajmpmnhfheflannaiapmlm
1668121263.272961
1.06269
22167.302
6104.3550000000005
25757.685
232196.73200000002
ikdgincnppajmpmnhfheflannaiapmlm
1668121329.687479
1.226091
26328.058
7148.724
16328.51
231424.578
ikdgincnppajmpmnhfheflannaiapmlm
1668121396.068321
0.979515
21100.044
5727.097
22081.12
231700.64
ikdgincnppajmpmnhfheflannaiapmlm
1668121462.48661
0.985289
20829.231
5700.3640000000005
20910.286
231691.66700000002
ikdgincnppajmpmnhfheflannaiapmlm
1668121528.761008
0.966364
19711.437
5544.175
21202.46
231541.33800000002
ikdgincnppajmpmnhfheflannaiapmlm
1668121595.091746
1.00354
19404.98
5681.3820000000005
19715.22
231489.337
nngceckbapebfimnlniiiahkandclblb
1668121793.535474
0.333319
4621.692
1654.903
7670.879
226083.1
nngceckbapebfimnlniiiahkandclblb
1668121857.194282
0.322932
4427.723
1626.8880000000001
10177.83
226468.96300000002
nngceckbapebfimnlniiiahkandclblb
1668121920.809686
0.303458
4266.3460000000005
1539.547
9139.442000000001
226314.11800000002
nngceckbapebfimnlniiiahkandclblb
1668121984.464736
0.321925
4399.769
1644.954
8207.804
226226.411
nngceckbapebfimnlniiiahkandclblb
1668122048.113981
0.315242
4292.47
1580.623
7739.055
226094.81900000002
nngceckbapebfimnlniiiahkandclblb
1668122111.788734
0.387341
5680.039
1980.22
7203.595
226080.049
nngceckbapebfimnlniiiahkandclblb
1668122175.462189
0.322688
4234.5470000000005
1602.1680000000001
8072.611
226364.594
nngceckbapebfimnlniiiahkandclblb
1668122239.095515
0.465773
4298.817
2152.033
8480.081
226347.50400000002
nngceckbapebfimnlniiiahkandclblb
1668122302.893133
0.480717
4248.036
2256.342
8263.102
226224.21300000002
nngceckbapebfimnlniiiahkandclblb
1668122366.681188
0.494539
4573.169
2318.7200000000003
7416.423
226319.367
nngceckbapebfimnlniiiahkandclblb
1668122496.320584
1.863384
40752.581
10871.127
32842.324
229424.034
nngceckbapebfimnlniiiahkandclblb
1668122561.656423
1.870135
40928.667
10878.268
30360.396
229073.877
nngceckbapebfimnlniiiahkandclblb
1668122627.040111
2.100979
45798.101
12197.784
27252.249
228967.12600000002
nngceckbapebfimnlniiiahkandclblb
1668122692.59837
2.002979
43597.666
11609.04
26631.28
228829.676
nngceckbapebfimnlniiiahkandclblb
1668122758.063811
2.0828
46112.736000000004
12144.256
26800.468
228813.562
nngceckbapebfimnlniiiahkandclblb
1668122823.566717
1.849675
40414.081
10779.086
30650.007
229394.249
nngceckbapebfimnlniiiahkandclblb
1668122888.861378
1.869964
40724.017
10894.686
31202.13
229322.228
nngceckbapebfimnlniiiahkandclblb
1668122954.181678
2.23584
49275.814
12998.684000000001
26399.103
229067.407
nngceckbapebfimnlniiiahkandclblb
1668123019.899665
1.833492
39887.166
10642.856
30452.925
229337.365
nngceckbapebfimnlniiiahkandclblb
1668123085.213844
1.863497
40489.276
10862.582
31750.896
229247.33800000002
nngceckbapebfimnlniiiahkandclblb
1668123215.134585
0.111004
1460.628
557.5550000000001
34048.619
229537.25400000002
nngceckbapebfimnlniiiahkandclblb
1668123279.547189
0.103955
1582.8210000000001
535.765
32182.778000000002
229608.665
nngceckbapebfimnlniiiahkandclblb
1668123344.338142
0.108465
1391.17
543.822
31354.839
229621.36000000002
nngceckbapebfimnlniiiahkandclblb
1668123408.863037
0.110147
1491.208
564.513
32470.498
229491.844
nngceckbapebfimnlniiiahkandclblb
1668123473.545901
0.106814
1386.715
528.197
31679.545000000002
229580.772
nngceckbapebfimnlniiiahkandclblb
1668123538.136154
0.111997
1594.051
575.743
33124.977
229654.441
nngceckbapebfimnlniiiahkandclblb
1668123602.622984
0.126104
1492.977
622.618
31657.511000000002
229712.05800000002
nngceckbapebfimnlniiiahkandclblb
1668123667.163529
0.114585
1483.8220000000001
581.1750000000001
33290.747
229709.617
nngceckbapebfimnlniiiahkandclblb
1668123731.688611
0.105594
1481.319
541.625
31496.258
229660.544
nngceckbapebfimnlniiiahkandclblb
1668123796.166418
0.106989
1421.077
529.418
31241.864
229691.428
nngceckbapebfimnlniiiahkandclblb
1668123925.853515
1.157359
31386.761000000002
7215.192
47118.348
234922.98200000002
nngceckbapebfimnlniiiahkandclblb
1668123990.570544
1.099163
27137.626
6709.822
48056.578
234880.991
nngceckbapebfimnlniiiahkandclblb
1668124055.246165
0.865194
15580.954
4766.284
36474.516
232680.862
nngceckbapebfimnlniiiahkandclblb
1668124119.725895
1.147887
27414.481
6894.575
46743.716
234582.529
nngceckbapebfimnlniiiahkandclblb
1668124184.477387
1.105369
28626.758
6906.66
47822.509
234705.271
nngceckbapebfimnlniiiahkandclblb
1668124249.124405
1.115053
25030.515
6557.6
48620.359000000004
234611.21600000001
nngceckbapebfimnlniiiahkandclblb
1668124313.806512
1.164835
26043.939000000002
6863.264
47967.468
234800.241
nngceckbapebfimnlniiiahkandclblb
1668124378.535023
0.232567
3918.203
1293.271
7332.9890000000005
225909.516
nngceckbapebfimnlniiiahkandclblb
1668124442.174074
1.229126
30993.024
7661.174
127936.501
252914.209
nngceckbapebfimnlniiiahkandclblb
1668124506.958532
1.006764
25302.609
6143.112
45229.926
233702.343
nngceckbapebfimnlniiiahkandclblb
1668124636.844835
1.150076
5559.983
5001.269
5138.171
225215.488
nngceckbapebfimnlniiiahkandclblb
1668124701.96398
0.419341
5687.058
2142.573
5044.055
225422.153
nngceckbapebfimnlniiiahkandclblb
1668124766.374375
0.442194
6242.293000000001
2309.626
14466.272
226189.484
nngceckbapebfimnlniiiahkandclblb
1668124830.820689
0.794868
5962.876
3700.003
4814.929
225281.405
nngceckbapebfimnlniiiahkandclblb
1668124895.572922
0.38063
6092.513
2070.551
6664.046
225260.593
nngceckbapebfimnlniiiahkandclblb
1668124960.016729
0.827159
7279.156
3908.193
4228.688
225209.873
nngceckbapebfimnlniiiahkandclblb
1668125024.781121
0.415896
6095.81
2157.588
5148.974
225115.695
nngceckbapebfimnlniiiahkandclblb
1668125089.157628
0.402929
6033.371
2143.793
4706.348
224992.832
nngceckbapebfimnlniiiahkandclblb
1668125153.604666
0.595378
6861.799
3054.3740000000003
4016.347
225264.255
nngceckbapebfimnlniiiahkandclblb
1668125218.190744
0.38504
6039.963
2076.594
4556.019
225087.864
nngceckbapebfimnlniiiahkandclblb
1668125349.471729
2.785915
53670.212
15234.885
63938.007
237780.94700000001
nngceckbapebfimnlniiiahkandclblb
1668125415.906539
4.037373
50975.15
19927.195
61255.641
237523.196
nngceckbapebfimnlniiiahkandclblb
1668125483.541218
2.764838
45172.064
14536.218
69330.938
239147.886
nngceckbapebfimnlniiiahkandclblb
1668125549.981554
3.345251
49625.483
17171.648
70642.09300000001
239081.114
nngceckbapebfimnlniiiahkandclblb
1668125617.102576
2.468871
47305.238
13435.939
73600.031
239469.297
nngceckbapebfimnlniiiahkandclblb
1668125683.368749
3.377252
50021.357
17316.301
71444.82400000001
238997.191
nngceckbapebfimnlniiiahkandclblb
1668125750.638449
3.179364
46765.078
16177.998
66440.198
238418.09100000001
nngceckbapebfimnlniiiahkandclblb
1668125817.577789
3.192216
49034.176
16520.71
70414.493
239308.469
nngceckbapebfimnlniiiahkandclblb
1668125884.500759
2.599795
48318.358
14133.143
72765.072
239503.72
nngceckbapebfimnlniiiahkandclblb
1668125950.831676
2.786934
50145.99
14962.548
70757.815
239113.64500000002
nngceckbapebfimnlniiiahkandclblb
1668126083.574954
1.23927
10700.839
5694.749
58555.698000000004
240796.625
nngceckbapebfimnlniiiahkandclblb
1668126148.70936
1.248955
10323.276
5670.457
57366.003000000004
240945.733
nngceckbapebfimnlniiiahkandclblb
1668126213.910752
1.089666
9417.761
5004.442
57110.450000000004
240873.285
nngceckbapebfimnlniiiahkandclblb
1668126279.022598
1.183684
5693.955
5136.218
61409.511
241234.91700000002
nngceckbapebfimnlniiiahkandclblb
1668126344.202938
1.18594
8855.324
5338.548
58836.824
240858.14800000002
nngceckbapebfimnlniiiahkandclblb
1668126409.403897
1.155236
9875.219000000001
5286.424
56739.234000000004
240905.389
nngceckbapebfimnlniiiahkandclblb
1668126474.595959
1.17275
8376.078
5237.475
57702.55
241007.134
nngceckbapebfimnlniiiahkandclblb
1668126539.714555
1.257688
9084.572
5642.197
57171.24
240662.226
nngceckbapebfimnlniiiahkandclblb
1668126604.959991
1.387505
9795.629
6243.392
56591.774
240877.496
nngceckbapebfimnlniiiahkandclblb
1668126670.315584
1.298807
9517.005000000001
5865.524
58775.423
240923.883
nngceckbapebfimnlniiiahkandclblb
1668126830.351417
0.814275
12392.546
4245.29
72467.283
234463.69400000002
nngceckbapebfimnlniiiahkandclblb
1668126894.575045
3.117939
83846.16
18810.132
57723.79
236315.924
nngceckbapebfimnlniiiahkandclblb
1668126961.21864
0.822788
14575.097
4437.733
80060.52500000001
235191.353
nngceckbapebfimnlniiiahkandclblb
1668127025.574516
1.495672
35536.103
8754.433
79878.03
236214.361
nngceckbapebfimnlniiiahkandclblb
1668127090.558277
0.764273
13018.522
4086.781
128208.106
239361.753
nngceckbapebfimnlniiiahkandclblb
1668127154.86237
1.447935
35269.502
8610.879
152197.669
253768.882
nngceckbapebfimnlniiiahkandclblb
1668127219.7688
0.785414
13579.006
4230.519
218519.582
258820.81
nngceckbapebfimnlniiiahkandclblb
1668127283.996124
2.635422
75890.614
16355.06
139927.315
247429.543
nngceckbapebfimnlniiiahkandclblb
1668127350.131962
0.80049
14168.665
4271.473
118144.717
246077.80000000002
nngceckbapebfimnlniiiahkandclblb
1668127414.440674
1.396242
32718.056
8194.681
112734.392
245534.528
nngceckbapebfimnlniiiahkandclblb
1668127543.403923
0.126494
1654.353
623.472
5604.417
225905.489
nngceckbapebfimnlniiiahkandclblb
1668127606.879907
0.114735
1648.251
580.504
6060.775000000001
225873.445
nngceckbapebfimnlniiiahkandclblb
1668127670.269933
0.111794
1559.933
559.996
6127.12
225892.488
nngceckbapebfimnlniiiahkandclblb
1668127733.646602
0.115594
1589.9
584.044
5751.45
225837.434
nngceckbapebfimnlniiiahkandclblb
1668127797.156639
0.116375
1627.803
592.1
6169.479
225954.195
nngceckbapebfimnlniiiahkandclblb
1668127860.533746
0.114471
1598.141
573.057
8047.586
226103.91400000002
nngceckbapebfimnlniiiahkandclblb
1668127923.983522
0.117676
1654.2920000000001
598.631
5725.755
225816.011
nngceckbapebfimnlniiiahkandclblb
1668127987.402624
0.117882
2068.842
635.069
5514.39
225770.418
nngceckbapebfimnlniiiahkandclblb
1668128050.814041
0.111406
1621.15
589.843
8729.286
226269.623
nngceckbapebfimnlniiiahkandclblb
1668128114.251903
0.12199
1767.33
627.0120000000001
5877.609
225916.353
nngceckbapebfimnlniiiahkandclblb
1668128243.865088
1.259592
27411.307
7281.719
23302.613
231768.69400000002
nngceckbapebfimnlniiiahkandclblb
1668128310.20261
1.212158
26133.906
7017.255
15981.77
231181.23200000002
nngceckbapebfimnlniiiahkandclblb
1668128376.603711
0.642632
10849.887
3497.611
33960.606
232725.967
nngceckbapebfimnlniiiahkandclblb
1668128442.392474
1.107705
25475.886000000002
6532.454
20890.999
231642.534
nngceckbapebfimnlniiiahkandclblb
1668128508.671814
1.000449
22967.959
5928.818
18301.711
231325.397
nngceckbapebfimnlniiiahkandclblb
1668128574.731483
1.183346
25290.95
6841.657
18479.506
231206.073
nngceckbapebfimnlniiiahkandclblb
1668128641.088999
1.173698
26951.896
6920.575
15963.338
231089.496
nngceckbapebfimnlniiiahkandclblb
1668128707.378431
1.080193
26634.514
6535.079
17716.874
231307.391
nngceckbapebfimnlniiiahkandclblb
1668128773.654842
1.014881
22963.503
5999.313
19251.049
231598.834
nngceckbapebfimnlniiiahkandclblb
1668128839.701987
1.852323
28842.028000000002
9804.235
13942.409
230829.365
dapjbgnjinbpoindlpdmhochffioedbn
1668129032.609149
0.33093
5622.7880000000005
1708.125
11253.206
226361.787
dapjbgnjinbpoindlpdmhochffioedbn
1668129096.232299
0.347267
3831.106
1671.444
9803.503
226361.969
dapjbgnjinbpoindlpdmhochffioedbn
1668129159.858341
0.331946
3904.409
1633.907
7940.47
225893.892
dapjbgnjinbpoindlpdmhochffioedbn
1668129223.4323
0.341808
3972.402
1683.711
7555.705
226218.354
dapjbgnjinbpoindlpdmhochffioedbn
1668129287.063666
0.368219
5187.365
1874.69
6665.4490000000005
225995.332
dapjbgnjinbpoindlpdmhochffioedbn
1668129350.665818
0.325465
3781.9120000000003
1599.91
7720.195
226247.59
dapjbgnjinbpoindlpdmhochffioedbn
1668129414.275025
0.303987
3956.045
1518.9170000000001
7579.937
226281.77000000002
dapjbgnjinbpoindlpdmhochffioedbn
1668129477.871747
0.320155
3877.431
1579.22
7554.302000000001
226134.187
dapjbgnjinbpoindlpdmhochffioedbn
1668129541.500261
0.336058
3893.972
1642.33
7756.633
226059.114
dapjbgnjinbpoindlpdmhochffioedbn
1668129605.134112
0.308762
3813.772
1524.959
6887.067
226120.027
dapjbgnjinbpoindlpdmhochffioedbn
1668129734.373372
1.922451
42554.64
11256.502
31055.279000000002
229290.123
dapjbgnjinbpoindlpdmhochffioedbn
1668129799.702336
1.839311
39369.406
10675.937
30740.216
229295.128
dapjbgnjinbpoindlpdmhochffioedbn
1668129864.956306
1.986475
44277.292
11608.308
27183.951
228768.58000000002
dapjbgnjinbpoindlpdmhochffioedbn
1668129930.396056
1.812926
39647.97
10562.412
30875.043
229254.113
dapjbgnjinbpoindlpdmhochffioedbn
1668129995.634596
1.970447
42520.094
11477.632
32239.053
229284.142
dapjbgnjinbpoindlpdmhochffioedbn
1668130061.028405
1.993048
43620.737
11629.365
30789.411
229172.38700000002
dapjbgnjinbpoindlpdmhochffioedbn
1668130126.46812
1.826473
38717.613
10564.609
28165.638
228920.557
dapjbgnjinbpoindlpdmhochffioedbn
1668130191.68101
1.855461
41247.636
10852.939
27726.491
228757.776
dapjbgnjinbpoindlpdmhochffioedbn
1668130256.932749
1.863807
39836.202
10817.783
32339.028000000002
229293.236
dapjbgnjinbpoindlpdmhochffioedbn
1668130322.227358
2.156151
47018.496
12537.443000000001
28067.25
228912.5
dapjbgnjinbpoindlpdmhochffioedbn
1668130452.279953
0.09825
1117.185
481.07800000000003
33776.403
229663.536
dapjbgnjinbpoindlpdmhochffioedbn
1668130516.574559
0.10443
1338.497
528.868
30503.706000000002
229347.008
dapjbgnjinbpoindlpdmhochffioedbn
1668130580.84261
0.102243
1273.618
515.868
29578.049
229278.71
dapjbgnjinbpoindlpdmhochffioedbn
1668130645.092197
0.104097
1161.74
512.511
29670.883
229400.29200000002
dapjbgnjinbpoindlpdmhochffioedbn
1668130709.386621
0.105114
1268.856
524.23
31028.912
229467.247
dapjbgnjinbpoindlpdmhochffioedbn
1668130773.7958
0.106791
1253.72
530.395
29609.421000000002
229560.63
dapjbgnjinbpoindlpdmhochffioedbn
1668130838.139814
0.105008
1276.791
531.798
29765.427
229310.326
dapjbgnjinbpoindlpdmhochffioedbn
1668130902.557771
0.10356
1077.634
509.52000000000004
31534.038
229456.016
dapjbgnjinbpoindlpdmhochffioedbn
1668130966.85629
0.108941
1260.3120000000001
544.677
29368.455
229362.877
dapjbgnjinbpoindlpdmhochffioedbn
1668131031.160053
0.103452
1272.763
517.943
30365.706000000002
229305.565
dapjbgnjinbpoindlpdmhochffioedbn
1668131160.400332
1.207401
29093.492000000002
7306.317
34011.388
232143.326
dapjbgnjinbpoindlpdmhochffioedbn
1668131225.18624
0.926729
24755.247
5811.447
33034.217000000004
232281.083
dapjbgnjinbpoindlpdmhochffioedbn
1668131289.77677
1.146401
26150.385000000002
6773.298
34557.651
232054.155
dapjbgnjinbpoindlpdmhochffioedbn
1668131354.444034
0.968613
24701.597
5975.0830000000005
31881.388
231943.071
dapjbgnjinbpoindlpdmhochffioedbn
1668131418.96444
0.91743
22121.769
5492.6
35013.46
232483.902
dapjbgnjinbpoindlpdmhochffioedbn
1668131483.435721
1.064389
23861.634000000002
6228.561
36918.362
232485.733
dapjbgnjinbpoindlpdmhochffioedbn
1668131547.986341
1.053886
25889.582000000002
6385.787
35354.158
232499.587
dapjbgnjinbpoindlpdmhochffioedbn
1668131612.591889
0.992081
26096.43
6168.625
37605.983
232708.388
dapjbgnjinbpoindlpdmhochffioedbn
1668131677.116762
0.884283
22863.65
5459.886
39525.35
233585.584
dapjbgnjinbpoindlpdmhochffioedbn
1668131741.515151
0.220503
3589.407
1210.4470000000001
7130.414
225879.426
dapjbgnjinbpoindlpdmhochffioedbn
1668131870.279417
0.568805
6482.467000000001
2919.487
3745.0460000000003
224996.25
dapjbgnjinbpoindlpdmhochffioedbn
1668131934.70307
0.42238
5751.817
2174.922
4764.392
225255.038
dapjbgnjinbpoindlpdmhochffioedbn
1668131998.964762
0.429272
5147.631
2151.118
4564.685
225218.784
dapjbgnjinbpoindlpdmhochffioedbn
1668132063.217491
0.376228
5342.698
1984.3700000000001
6509.566
225194.18600000002
dapjbgnjinbpoindlpdmhochffioedbn
1668132127.405158
0.378009
5502.977
1989.192
5052.294
225190.891
dapjbgnjinbpoindlpdmhochffioedbn
1668132191.588956
0.399253
5708.298
2176.63
3863.821
225085.728
dapjbgnjinbpoindlpdmhochffioedbn
1668132255.85317
0.344919
4840.93
1804.073
4752.734
225038.669
dapjbgnjinbpoindlpdmhochffioedbn
1668132320.006257
0.518679
5007.434
2525.018
4625.965
225294.894
dapjbgnjinbpoindlpdmhochffioedbn
1668132384.410604
0.964782
6394.942
4464.894
4322.621
225180.27000000002
dapjbgnjinbpoindlpdmhochffioedbn
1668132449.30933
0.506282
5091.174
2499.078
4441.395
225123.508
dapjbgnjinbpoindlpdmhochffioedbn
1668132580.478586
2.86559
52980.699
15497.031
67620.249
239093.382
dapjbgnjinbpoindlpdmhochffioedbn
1668132646.988326
2.378799
45127.265
12990.628
70847.903
239504.758
dapjbgnjinbpoindlpdmhochffioedbn
1668132713.006017
3.055533
47314.637
15818.502
67981.027
239179.503
dapjbgnjinbpoindlpdmhochffioedbn
1668132779.812036
2.970798
47767.700000000004
15615.439
72683.469
239299.009
dapjbgnjinbpoindlpdmhochffioedbn
1668132846.494089
3.108774
49446.834
16181.966
70952.333
239073.66700000002
dapjbgnjinbpoindlpdmhochffioedbn
1668132913.336841
2.565772
48457.639
13993.799
67160.351
238847.778
dapjbgnjinbpoindlpdmhochffioedbn
1668132979.567803
2.904152
48020.385
15306.846
67885.569
239109.12900000002
dapjbgnjinbpoindlpdmhochffioedbn
1668133046.15456
2.478755
47149.781
13540.676
67482.86
238547.119
dapjbgnjinbpoindlpdmhochffioedbn
1668133112.27851
4.121196
51034.293
20195.443
88576.556
242726.247
dapjbgnjinbpoindlpdmhochffioedbn
1668133180.167999
2.812916
50462.274
15118.492
88505.327
242841.17500000002
dapjbgnjinbpoindlpdmhochffioedbn
1668133312.522638
1.192822
5861.618
5182.115
61073.391
241205.193
dapjbgnjinbpoindlpdmhochffioedbn
1668133377.563256
1.30649
9532.202
5871.323
56305.947
240630.24300000002
dapjbgnjinbpoindlpdmhochffioedbn
1668133442.734551
1.212774
8868.081
5414.842000000001
55197.43
240753.412
dapjbgnjinbpoindlpdmhochffioedbn
1668133507.775659
1.197928
5154.589
5149.889
61305.507
241050.347
dapjbgnjinbpoindlpdmhochffioedbn
1668133572.854568
1.047277
5512.4980000000005
4625.537
61599.452000000005
241136.102
dapjbgnjinbpoindlpdmhochffioedbn
1668133637.778542
1.095314
4938.8910000000005
4733.875
62551.598
241299.309
dapjbgnjinbpoindlpdmhochffioedbn
1668133702.749496
1.252328
9297.339
5630.662
56107.706
240929.131
dapjbgnjinbpoindlpdmhochffioedbn
1668133767.846801
1.272966
9094.703
5724.472
57213.293
240477.534
dapjbgnjinbpoindlpdmhochffioedbn
1668133832.960204
1.4061
5660.813
6003.525000000001
60471.464
240801.44700000001
dapjbgnjinbpoindlpdmhochffioedbn
1668133898.180332
1.183414
5367.968
5092.822
62752.28
241119.744
dapjbgnjinbpoindlpdmhochffioedbn
1668134028.946497
0.826381
12604.765
4255.421
124834.337
244071.824
dapjbgnjinbpoindlpdmhochffioedbn
1668134093.390569
1.87895
50898.49
11436.067000000001
42009.414000000004
230971.76
dapjbgnjinbpoindlpdmhochffioedbn
1668134158.739901
0.791467
13023.771
4170.033
110396.568
242543.44700000001
dapjbgnjinbpoindlpdmhochffioedbn
1668134223.093442
1.947941
54741.742
12015.655
55160.869
234067.699
dapjbgnjinbpoindlpdmhochffioedbn
1668134288.650501
0.76096
12303.252
3995.534
168107.17500000002
254746.174
dapjbgnjinbpoindlpdmhochffioedbn
1668134352.880076
0.760814
12802.946
4050.527
169976.86000000002
254384.84600000002
dapjbgnjinbpoindlpdmhochffioedbn
1668134417.052895
0.772144
12572.355
4075.002
165127.446
254303.79200000002
dapjbgnjinbpoindlpdmhochffioedbn
1668134481.205154
0.761993
12487.09
4048.024
163858.40600000002
254099.02000000002
dapjbgnjinbpoindlpdmhochffioedbn
1668134545.464478
0.74677
11938.507
3924.612
41519.486000000004
230388.814
dapjbgnjinbpoindlpdmhochffioedbn
1668134609.663021
0.737011
10460.179
3764.273
134904.134
247055.459
dapjbgnjinbpoindlpdmhochffioedbn
1668134738.005351
0.117846
1676.815
601.317
5399.217000000001
225601.595
dapjbgnjinbpoindlpdmhochffioedbn
1668134801.413267
0.114622
1549.068
583.678
5892.014
225829.134
dapjbgnjinbpoindlpdmhochffioedbn
1668134864.775524
0.116144
1538.021
582.09
5714.402
225881.502
dapjbgnjinbpoindlpdmhochffioedbn
1668134928.208966
0.12058
1676.327
613.035
5279.71
225727.511
dapjbgnjinbpoindlpdmhochffioedbn
1668134991.594818
0.104625
1504.147
537.474
5526.719
225723.788
dapjbgnjinbpoindlpdmhochffioedbn
1668135118.324526
0.12082
1651.79
610.472
5147.692
225806.367
dapjbgnjinbpoindlpdmhochffioedbn
1668135181.746144
0.108531
1466.366
557.25
5413.866
225769.869
dapjbgnjinbpoindlpdmhochffioedbn
1668135245.256146
0.114288
1403.194
555.052
5610.154
225883.638
dapjbgnjinbpoindlpdmhochffioedbn
1668135308.700932
0.118524
1682.7350000000001
610.716
5563.157
225726.839
dapjbgnjinbpoindlpdmhochffioedbn
1668135372.199374
0.109425
1507.259
561.4
5428.026
225908.418
dapjbgnjinbpoindlpdmhochffioedbn
1668135502.622591
1.271692
30192.794
7528.179
15487.814
230974.14
dapjbgnjinbpoindlpdmhochffioedbn
1668135569.128368
1.196794
23028.506
6721.175
22631.9
231760.27000000002
dapjbgnjinbpoindlpdmhochffioedbn
1668135635.485509
1.157583
23500.184
6608.992
17282.975
231181.659
dapjbgnjinbpoindlpdmhochffioedbn
1668135701.944804
1.312822
27613.943
7600.322
15973.164
231062.397
dapjbgnjinbpoindlpdmhochffioedbn
1668135768.661306
1.063704
22169.865
6192.245
19313.305
231434.222
dapjbgnjinbpoindlpdmhochffioedbn
1668135834.919907
1.133903
25164.365
6636.275000000001
15240.317000000001
230941.97400000002
dapjbgnjinbpoindlpdmhochffioedbn
1668135901.401408
1.608025
29717.087
8880.714
14702.538
230991.413
dapjbgnjinbpoindlpdmhochffioedbn
1668135968.2052
0.949793
22031.132
5684.251
21248.97
231645.403
dapjbgnjinbpoindlpdmhochffioedbn
1668136034.345587
1.208804
26533.623
7062.787
15288.597
231067.646
dapjbgnjinbpoindlpdmhochffioedbn
1668136100.902061
1.095654
22558.719
6335.616
17765.397
231272.419
pbjikboenpfhbbejgkoklgkhjpfogcam
1668136296.31782
2.80675
29179.552
13173.062
22066.899
227946.011
pbjikboenpfhbbejgkoklgkhjpfogcam
1668136362.73063
2.743059
23364.93
12810.087
18683.851
227900.967
pbjikboenpfhbbejgkoklgkhjpfogcam
1668136429.138319
2.738032
22607.73
12634.794
14729.333
227428.801
pbjikboenpfhbbejgkoklgkhjpfogcam
1668136495.475031
2.522863
23419.984
11907.257
17258.074
227470.24300000002
pbjikboenpfhbbejgkoklgkhjpfogcam
1668136561.57966
3.009452
22049.565
13751.064
12071.197
227160.856
pbjikboenpfhbbejgkoklgkhjpfogcam
1668136628.285078
2.336982
21289.374
10978.243
20093.821
227629.30000000002
pbjikboenpfhbbejgkoklgkhjpfogcam
1668136694.15856
2.28139
21051.094
10751.804
15770.223
227297.14800000002
pbjikboenpfhbbejgkoklgkhjpfogcam
1668136760.05386
2.559167
23174.196
12055.816
18611.403000000002
227783.475
pbjikboenpfhbbejgkoklgkhjpfogcam
1668136826.195263
2.43039
20609.383
11259.981
19433.544
227649.015
pbjikboenpfhbbejgkoklgkhjpfogcam
1668136892.238261
2.593828
22937.564000000002
12196.136
20206.918
227590.299
pbjikboenpfhbbejgkoklgkhjpfogcam
1668137024.502137
2.512907
19311.596
11632.661
21893.56
230854.57200000001
pbjikboenpfhbbejgkoklgkhjpfogcam
1668137090.573232
2.190048
19860.545000000002
10342.564
21243.781
230751.179
pbjikboenpfhbbejgkoklgkhjpfogcam
1668137156.308037
2.253379
20050.669
10617.649
26839.165
231386.858
pbjikboenpfhbbejgkoklgkhjpfogcam
1668137222.180225
2.309647
19138.806
10791.72
25307.919
231224.689
pbjikboenpfhbbejgkoklgkhjpfogcam
1668137288.127433
2.445687
19124.646
11339.205
21355.597
230834.431
pbjikboenpfhbbejgkoklgkhjpfogcam
1668137354.180676
2.558298
18977.43
11746.308
20618.782
230744.892
pbjikboenpfhbbejgkoklgkhjpfogcam
1668137420.303514
2.182425
19544.201
10325.047
25098.751
231146.93
pbjikboenpfhbbejgkoklgkhjpfogcam
1668137486.112809
2.036197
18803.968
9671.056
28404.285
231574.603
pbjikboenpfhbbejgkoklgkhjpfogcam
1668137551.746352
2.214592
19092.237
10411.534
24243.956000000002
231215.961
pbjikboenpfhbbejgkoklgkhjpfogcam
1668137617.656418
2.605932
20261.850000000002
12055.45
21015.571
230810.627
pbjikboenpfhbbejgkoklgkhjpfogcam
1668137750.789135
2.928411
35233.614
14635.827000000001
24608.823
231634.661
pbjikboenpfhbbejgkoklgkhjpfogcam
1668137817.366543
3.113482
29645.554
14917.626
33173.744
232422.56100000002
pbjikboenpfhbbejgkoklgkhjpfogcam
1668137884.192337
3.396202
30954.328
16074.299
26105.829
231663.104
pbjikboenpfhbbejgkoklgkhjpfogcam
1668137951.241517
3.102103
32522.988
15113.304
25645.381
231793.657
pbjikboenpfhbbejgkoklgkhjpfogcam
1668138017.989662
3.165207
31159.832000000002
15241.599
24738.95
231478.71600000001
pbjikboenpfhbbejgkoklgkhjpfogcam
1668138084.802029
2.6816
29573.532
13227.871000000001
35088.472
232640.64
pbjikboenpfhbbejgkoklgkhjpfogcam
1668138151.13375
2.996478
31544.048
14573.755000000001
32843.543
232121.78100000002
pbjikboenpfhbbejgkoklgkhjpfogcam
1668138217.738534
2.777842
33176.612
13883.509
29759.14
231879.106
pbjikboenpfhbbejgkoklgkhjpfogcam
1668138284.165147
2.837231
31914.775
14021.326000000001
24253.844
231262.04200000002
pbjikboenpfhbbejgkoklgkhjpfogcam
1668138350.6333
3.230276
31628.703
15557.882
29493.577
231842.48500000002
pbjikboenpfhbbejgkoklgkhjpfogcam
1668138484.084581
2.663675
25212.155
12769.132
24854.184
231635.943
pbjikboenpfhbbejgkoklgkhjpfogcam
1668138550.420951
2.808862
26955.985
13493.252
23048.22
231347.674
pbjikboenpfhbbejgkoklgkhjpfogcam
1668138616.861412
2.680709
25186.336
12859.648000000001
29780.259000000002
232111.222
pbjikboenpfhbbejgkoklgkhjpfogcam
1668138683.18817
2.790008
26464.287
13356.899
30774.641
231964.372
pbjikboenpfhbbejgkoklgkhjpfogcam
1668138749.599629
3.068492
30861.31
14886.009
25688.228
231893.266
pbjikboenpfhbbejgkoklgkhjpfogcam
1668138816.387827
2.540281
25803.461
12340.301
28800.159
231916.337
pbjikboenpfhbbejgkoklgkhjpfogcam
1668138882.654633
2.710641
26131.769
12994.779
29619.126
231991.288
pbjikboenpfhbbejgkoklgkhjpfogcam
1668138948.956793
2.487393
25220.272
12062.835000000001
23089.724000000002
231510.08800000002
pbjikboenpfhbbejgkoklgkhjpfogcam
1668139015.086536
2.912517
29768.906
14167.261
21380.683
231397.845
pbjikboenpfhbbejgkoklgkhjpfogcam
1668139081.645925
3.072374
29555.039
14801.475
27357.108
231959.795
pbjikboenpfhbbejgkoklgkhjpfogcam
1668139215.021658
2.64644
21707.402000000002
12345.183
24513.304
231039.997
pbjikboenpfhbbejgkoklgkhjpfogcam
1668139281.286862
2.414717
24292.479
11658.417
28255.054
231536.151
pbjikboenpfhbbejgkoklgkhjpfogcam
1668139347.309657
2.689861
23294.252
12662.016
28086.964
231637.286
pbjikboenpfhbbejgkoklgkhjpfogcam
1668139413.742052
2.503745
24657.53
12081.512
26085.138
231276.812
pbjikboenpfhbbejgkoklgkhjpfogcam
1668139479.87401
2.674074
23330.628
12612.943000000001
27525.137
231488.543
pbjikboenpfhbbejgkoklgkhjpfogcam
1668139546.191211
2.618921
23230.41
12363.127
28422.351000000002
231665.11800000002
pbjikboenpfhbbejgkoklgkhjpfogcam
1668139612.454225
2.594076
22328.007
12220.245
24144.165
231282.0
pbjikboenpfhbbejgkoklgkhjpfogcam
1668139678.701836
2.572932
21970.952
12087.86
25298.52
231240.435
pbjikboenpfhbbejgkoklgkhjpfogcam
1668139745.044806
2.264657
23743.103
11002.719000000001
26350.275
231374.041
pbjikboenpfhbbejgkoklgkhjpfogcam
1668139811.072591
2.811289
23321.962
13134.427
23623.536
231215.9
pbjikboenpfhbbejgkoklgkhjpfogcam
1668139943.908695
2.531186
21154.670000000002
11861.237000000001
25323.971
231318.988
pbjikboenpfhbbejgkoklgkhjpfogcam
1668140010.274441
2.178635
19534.374
10313.511
19685.619
230711.812
pbjikboenpfhbbejgkoklgkhjpfogcam
1668140076.230245
2.181112
20422.25
10449.802
21148.811
230881.245
pbjikboenpfhbbejgkoklgkhjpfogcam
1668140142.074187
2.969226
21422.736
13657.558
19572.825
230683.30800000002
pbjikboenpfhbbejgkoklgkhjpfogcam
1668140208.676798
2.321892
18781.629
10788.547
23699.524
231101.154
pbjikboenpfhbbejgkoklgkhjpfogcam
1668140274.599747
2.083875
19554.394
9898.534
24457.64
231171.344
pbjikboenpfhbbejgkoklgkhjpfogcam
1668140340.344552
2.214908
19205.212
10416.477
24077.026
231189.96
pbjikboenpfhbbejgkoklgkhjpfogcam
1668140406.291182
2.671255
21508.612
12498.809000000001
19907.298
230750.141
pbjikboenpfhbbejgkoklgkhjpfogcam
1668140472.6366
2.211045
20957.100000000002
10568.515
22478.397
230747.274
pbjikboenpfhbbejgkoklgkhjpfogcam
1668140538.470245
1.981531
18514.357
9433.081
21288.886000000002
230737.325
pbjikboenpfhbbejgkoklgkhjpfogcam
1668140670.688357
2.910244
22193.791
13410.915
24912.534
231195.82
pbjikboenpfhbbejgkoklgkhjpfogcam
1668140737.245479
2.782988
21944.646
12896.879
19671.519
230811.054
pbjikboenpfhbbejgkoklgkhjpfogcam
1668140803.675633
2.768723
33537.024
13769.19
27394.583000000002
231740.496
pbjikboenpfhbbejgkoklgkhjpfogcam
1668140870.134699
2.599221
22106.938000000002
12207.916000000001
21241.157
230936.787
pbjikboenpfhbbejgkoklgkhjpfogcam
1668140936.460082
2.560688
21247.260000000002
11988.556
20891.365
230832.356
pbjikboenpfhbbejgkoklgkhjpfogcam
1668141002.707196
2.863779
21948.247
13258.45
21637.457000000002
230902.852
pbjikboenpfhbbejgkoklgkhjpfogcam
1668141069.239576
2.569945
21244.026
12027.313
22625.735
231048.66400000002
pbjikboenpfhbbejgkoklgkhjpfogcam
1668141135.437881
2.366422
21541.144
11257.662
25137.082000000002
231004.291
pbjikboenpfhbbejgkoklgkhjpfogcam
1668141201.322625
2.495437
21641.302
11757.294
24926.816
231284.382
pbjikboenpfhbbejgkoklgkhjpfogcam
1668141267.428585
3.001503
22901.919
13888.758
21147.224000000002
230914.93600000002
pbjikboenpfhbbejgkoklgkhjpfogcam
1668141400.326564
2.115334
18005.325
9915.99
24350.401
231170.856
pbjikboenpfhbbejgkoklgkhjpfogcam
1668141466.089994
3.100614
19161.511
13856.043
20097.605
230942.097
pbjikboenpfhbbejgkoklgkhjpfogcam
1668141532.839776
2.546826
20203.989
11788.667
23437.44
231290.78900000002
pbjikboenpfhbbejgkoklgkhjpfogcam
1668141598.997489
2.387822
18881.422
11035.066
22453.922
230902.97400000002
pbjikboenpfhbbejgkoklgkhjpfogcam
1668141665.003442
2.482488
19355.419
11471.711
25638.729
231429.584
pbjikboenpfhbbejgkoklgkhjpfogcam
1668141731.142626
2.249167
18689.162
10494.664
19615.855
230753.193
pbjikboenpfhbbejgkoklgkhjpfogcam
1668141796.974579
2.228666
18954.419
10445.591
24331.420000000002
231149.188
pbjikboenpfhbbejgkoklgkhjpfogcam
1668141862.906533
2.271239
19608.348
10669.284
20534.615
230887.959
pbjikboenpfhbbejgkoklgkhjpfogcam
1668141928.746732
2.310525
18251.723
10729.037
19230.969
230635.21300000002
pbjikboenpfhbbejgkoklgkhjpfogcam
1668141994.705008
2.400476
18193.129
11082.796
20367.807
230797.871
pbjikboenpfhbbejgkoklgkhjpfogcam
1668142126.509347
2.380247
19082.715
11057.284
23429.017
231162.189
pbjikboenpfhbbejgkoklgkhjpfogcam
1668142192.657713
2.151793
20164.316
10258.091
20294.321
230550.374
pbjikboenpfhbbejgkoklgkhjpfogcam
1668142258.318088
2.415821
18936.963
11161.47
26394.83
231306.354
pbjikboenpfhbbejgkoklgkhjpfogcam
1668142324.381125
2.612427
19329.052
11993.683
23044.375
231038.34900000002
pbjikboenpfhbbejgkoklgkhjpfogcam
1668142390.707996
2.602382
17979.63
11813.081
20081.552
230819.355
pbjikboenpfhbbejgkoklgkhjpfogcam
1668142456.944084
2.56168
20801.521
11974.09
19644.115
230856.64800000002
pbjikboenpfhbbejgkoklgkhjpfogcam
1668142523.200449
2.364993
18971.753
10968.661
22362.308
230978.718
pbjikboenpfhbbejgkoklgkhjpfogcam
1668142589.27278
2.313325
19165.234
10762.057
20612.374
230834.431
pbjikboenpfhbbejgkoklgkhjpfogcam
1668142655.173376
2.192228
18821.729
10257.603000000001
20305.063000000002
230781.636
pbjikboenpfhbbejgkoklgkhjpfogcam
1668142720.944135
2.160537
18819.288
10158.604
20986.579
231012.714
pbjikboenpfhbbejgkoklgkhjpfogcam
1668142853.67403
2.729125
30963.056
13581.631
33164.466
232133.255
pbjikboenpfhbbejgkoklgkhjpfogcam
1668142920.122614
2.617996
31248.761000000002
13116.848
24990.049
231357.746
pbjikboenpfhbbejgkoklgkhjpfogcam
1668142986.482623
2.645474
30879.742000000002
13158.169
30094.467
232070.756
pbjikboenpfhbbejgkoklgkhjpfogcam
1668143052.981526
2.827578
31033.673
13956.386
30664.533
231829.545
pbjikboenpfhbbejgkoklgkhjpfogcam
1668143119.365032
2.641978
28763.171000000002
12976.651
26787.956000000002
231897.53900000002
pbjikboenpfhbbejgkoklgkhjpfogcam
1668143185.63635
2.898467
31099.835
14203.516
30572.737
231996.11000000002
pbjikboenpfhbbejgkoklgkhjpfogcam
1668143252.303569
2.650018
32495.095
13348.354000000001
26576.348
231766.741
pbjikboenpfhbbejgkoklgkhjpfogcam
1668143318.590939
2.689614
30038.009000000002
13274.991
28208.851000000002
231633.013
pbjikboenpfhbbejgkoklgkhjpfogcam
1668143384.900868
2.681131
29014.941
13190.274
30921.368000000002
231929.399
pbjikboenpfhbbejgkoklgkhjpfogcam
1668143451.162602
3.072188
32180.765
15065.269
32966.468
232151.688
obhadkdgdffnnbdfpigjklinjhbkinfh
1668143653.764697
0.578974
3891.408
2595.0860000000002
41425.065
229349.206
obhadkdgdffnnbdfpigjklinjhbkinfh
1668143718.761289
0.324011
2200.434
1466.6100000000001
36929.47
229133.63
obhadkdgdffnnbdfpigjklinjhbkinfh
1668143783.494192
0.426821
2945.6710000000003
1918.452
38649.864
229464.317
obhadkdgdffnnbdfpigjklinjhbkinfh
1668143848.469435
0.47148
1688.228
2004.3890000000001
37174.405
229080.102
obhadkdgdffnnbdfpigjklinjhbkinfh
1668143913.218289
0.546289
2863.518
2384.088
37112.759
229038.964
obhadkdgdffnnbdfpigjklinjhbkinfh
1668143978.166619
0.438444
2163.385
1922.846
38168.299
229475.548
obhadkdgdffnnbdfpigjklinjhbkinfh
1668144043.095142
0.473463
2991.509
2098.3830000000003
38719.566
229081.93300000002
obhadkdgdffnnbdfpigjklinjhbkinfh
1668144108.006541
0.526134
4077.444
2362.909
34946.016
228955.163
obhadkdgdffnnbdfpigjklinjhbkinfh
1668144173.001433
0.410096
2720.0860000000002
1825.9850000000001
41861.953
229928.976
obhadkdgdffnnbdfpigjklinjhbkinfh
1668144237.897344
0.346903
1967.463
1541.561
35973.297
229117.76
obhadkdgdffnnbdfpigjklinjhbkinfh
1668144367.622159
0.560056
5268.42
2678.338
33810.277
228971.52000000002
obhadkdgdffnnbdfpigjklinjhbkinfh
1668144432.650801
0.349567
2629.021
1615.962
37324.551
229181.359
obhadkdgdffnnbdfpigjklinjhbkinfh
1668144497.448263
0.347065
2073.2980000000002
1543.82
37183.743
229237.45
obhadkdgdffnnbdfpigjklinjhbkinfh
1668144562.300973
0.326749
2516.5950000000003
1498.105
40052.754
229684.958
obhadkdgdffnnbdfpigjklinjhbkinfh
1668144627.101187
0.32674
2022.761
1467.526
36112.029
229349.388
obhadkdgdffnnbdfpigjklinjhbkinfh
1668144691.794667
0.44204
2485.65
1949.885
39989.583
229555.565
obhadkdgdffnnbdfpigjklinjhbkinfh
1668144756.744986
0.607515
2035.212
2561.09
38143.274
229400.779
obhadkdgdffnnbdfpigjklinjhbkinfh
1668144821.826761
0.431083
2893.67
1921.076
41502.091
229828.88
obhadkdgdffnnbdfpigjklinjhbkinfh
1668144886.688503
0.438405
2137.202
1917.719
36467.13
229228.41700000002
obhadkdgdffnnbdfpigjklinjhbkinfh
1668144951.586048
0.648609
2819.085
2777.3360000000002
40865.801
229646.141
obhadkdgdffnnbdfpigjklinjhbkinfh
1668145081.821395
0.519936
2506.5860000000002
2248.591
38660.667
229554.832
obhadkdgdffnnbdfpigjklinjhbkinfh
1668145146.826277
0.496942
2218.684
2140.559
37034.207
229157.006
obhadkdgdffnnbdfpigjklinjhbkinfh
1668145211.872878
0.404718
2632.501
1806.269
41495.255
229563.866
obhadkdgdffnnbdfpigjklinjhbkinfh
1668145276.791891
0.313626
1826.96
1404.598
42973.279
230284.079
obhadkdgdffnnbdfpigjklinjhbkinfh
1668145341.369987
0.382067
2655.205
1735.957
37665.858
229117.27300000002
obhadkdgdffnnbdfpigjklinjhbkinfh
1668145406.084408
0.364945
1937.068
1605.6480000000001
41542.435
230041.159
obhadkdgdffnnbdfpigjklinjhbkinfh
1668145470.926654
0.432767
3034.843
1945.1860000000001
37677.15
229101.342
obhadkdgdffnnbdfpigjklinjhbkinfh
1668145535.944474
1.212865
2541.986
4961.0470000000005
36870.450000000004
228898.767
obhadkdgdffnnbdfpigjklinjhbkinfh
1668145601.572756
0.447942
2702.69
1998.53
40815.997
229559.593
obhadkdgdffnnbdfpigjklinjhbkinfh
1668145666.395753
0.395421
2449.762
1759.029
36317.656
229395.04200000002
obhadkdgdffnnbdfpigjklinjhbkinfh
1668145796.52263
0.429441
2104.853
1870.051
35191.56
229068.872
obhadkdgdffnnbdfpigjklinjhbkinfh
1668145861.410649
0.356563
2904.168
1637.997
39922.383
229236.413
obhadkdgdffnnbdfpigjklinjhbkinfh
1668145926.189426
0.328769
2319.147
1502.438
39362.387
229683.738
obhadkdgdffnnbdfpigjklinjhbkinfh
1668145990.848146
0.331972
2933.0370000000003
1554.684
37895.96
228855.49300000002
obhadkdgdffnnbdfpigjklinjhbkinfh
1668146055.580484
0.373274
1869.38
1627.132
35974.700000000004
228894.556
obhadkdgdffnnbdfpigjklinjhbkinfh
1668146120.490508
0.584239
3290.214
2572.32
35836.884
229166.283
obhadkdgdffnnbdfpigjklinjhbkinfh
1668146185.529171
0.379119
1900.325
1663.265
36359.648
229091.515
obhadkdgdffnnbdfpigjklinjhbkinfh
1668146250.354618
0.322977
2592.34
1480.953
38005.823000000004
229209.984
obhadkdgdffnnbdfpigjklinjhbkinfh
1668146315.005888
0.695579
2303.094
2934.868
35742.035
229196.862
obhadkdgdffnnbdfpigjklinjhbkinfh
1668146380.285631
0.622175
3283.622
2699.64
38896.812
229285.362
obhadkdgdffnnbdfpigjklinjhbkinfh
1668146510.086963
0.596621
2754.266
2583.001
33193.274
228516.139
obhadkdgdffnnbdfpigjklinjhbkinfh
1668146575.203348
0.32833
2060.237
1466.732
32583.84
228962.24300000002
obhadkdgdffnnbdfpigjklinjhbkinfh
1668146640.062596
1.04551
2936.699
4357.716
30894.635000000002
228574.0
obhadkdgdffnnbdfpigjklinjhbkinfh
1668146705.573332
1.491345
2928.6420000000003
6079.269
33052.528
228851.893
obhadkdgdffnnbdfpigjklinjhbkinfh
1668146771.533154
0.489591
2414.239
2118.952
32648.354
228706.079
obhadkdgdffnnbdfpigjklinjhbkinfh
1668146836.434061
0.509512
2225.702
2198.663
32237.65
228844.263
obhadkdgdffnnbdfpigjklinjhbkinfh
1668146901.435745
0.331172
2678.643
1518.49
33818.517
228669.03100000002
obhadkdgdffnnbdfpigjklinjhbkinfh
1668146966.306614
0.357675
2076.349
1600.3990000000001
31386.821
228602.015
obhadkdgdffnnbdfpigjklinjhbkinfh
1668147031.197904
0.40685
2773.674
1825.13
33464.026
228890.832
obhadkdgdffnnbdfpigjklinjhbkinfh
1668147096.157749
0.632839
2257.746
2681.024
33023.109000000004
228944.238
obhadkdgdffnnbdfpigjklinjhbkinfh
1668147226.068008
0.324943
1960.872
1460.262
36037.384
229177.453
obhadkdgdffnnbdfpigjklinjhbkinfh
1668147290.769014
0.481318
2651.116
2114.069
36434.233
228983.78900000002
obhadkdgdffnnbdfpigjklinjhbkinfh
1668147355.765551
0.350133
1996.1490000000001
1549.801
35749.177
229038.23200000002
obhadkdgdffnnbdfpigjklinjhbkinfh
1668147420.496728
0.319924
2469.3540000000003
1458.614
37156.154
229015.65
obhadkdgdffnnbdfpigjklinjhbkinfh
1668147485.222658
0.565548
2139.277
2404.901
34913.912000000004
228681.239
obhadkdgdffnnbdfpigjklinjhbkinfh
1668147550.057034
0.450337
3197.4410000000003
2041.865
117762.15000000001
237670.839
obhadkdgdffnnbdfpigjklinjhbkinfh
1668147615.268281
0.453846
1898.25
1947.3220000000001
37657.74
229450.52300000002
obhadkdgdffnnbdfpigjklinjhbkinfh
1668147680.077852
0.711651
2864.311
3025.444
38955.589
229405.602
obhadkdgdffnnbdfpigjklinjhbkinfh
1668147745.253118
0.348074
1929.011
1547.298
36165.985
229005.27300000002
obhadkdgdffnnbdfpigjklinjhbkinfh
1668147809.901877
0.586895
2806.634
2534.112
37214.016
229396.446
obhadkdgdffnnbdfpigjklinjhbkinfh
1668147940.087852
0.391463
2781.426
1770.626
34296.055
229056.298
obhadkdgdffnnbdfpigjklinjhbkinfh
1668148004.880006
0.483996
2088.13
2086.054
32955.726
228853.296
obhadkdgdffnnbdfpigjklinjhbkinfh
1668148069.68285
0.447931
3288.993
2029.536
33268.531
228752.71
obhadkdgdffnnbdfpigjklinjhbkinfh
1668148134.485179
0.309163
1710.017
1363.583
33713.049
228784.204
obhadkdgdffnnbdfpigjklinjhbkinfh
1668148199.282553
0.381171
2733.7580000000003
1724.605
35304.414000000004
229029.016
obhadkdgdffnnbdfpigjklinjhbkinfh
1668148264.160267
0.782238
2330.438
3275.871
34016.636
229142.114
obhadkdgdffnnbdfpigjklinjhbkinfh
1668148329.46228
0.336767
2643.06
1547.848
34351.352
228889.673
obhadkdgdffnnbdfpigjklinjhbkinfh
1668148394.237617
0.451649
1996.4550000000002
1964.411
32821.266
228857.691
obhadkdgdffnnbdfpigjklinjhbkinfh
1668148459.127896
0.415549
2572.504
1862.483
35964.568
228977.68600000002
obhadkdgdffnnbdfpigjklinjhbkinfh
1668148524.163368
0.327039
2018.489
1465.145
33544.897
228981.774
obhadkdgdffnnbdfpigjklinjhbkinfh
1668148653.916216
0.329426
2057.246
1491.512
36159.758
229008.63
obhadkdgdffnnbdfpigjklinjhbkinfh
1668148718.779078
0.460788
2870.232
2051.875
38463.402
229143.578
obhadkdgdffnnbdfpigjklinjhbkinfh
1668148783.571343
0.321122
1803.584
1426.205
36848.233
229297.203
obhadkdgdffnnbdfpigjklinjhbkinfh
1668148848.316555
0.416313
2611.992
1851.253
41808.487
229739.036
obhadkdgdffnnbdfpigjklinjhbkinfh
1668148913.224486
0.321792
1841.304
1435.727
36564.054000000004
229142.785
obhadkdgdffnnbdfpigjklinjhbkinfh
1668148977.943237
0.378481
3200.92
1739.9850000000001
36349.394
228957.605
obhadkdgdffnnbdfpigjklinjhbkinfh
1668149042.910233
0.439226
1815.547
1883.479
38537.499
229268.27300000002
obhadkdgdffnnbdfpigjklinjhbkinfh
1668149107.83636
0.572573
2918.0840000000003
2473.81
39044.761
229300.804
obhadkdgdffnnbdfpigjklinjhbkinfh
1668149172.776792
0.45602
4818.347
2265.803
37052.091
229102.318
obhadkdgdffnnbdfpigjklinjhbkinfh
1668149237.606915
0.357838
2884.9410000000003
1639.339
38752.22
229211.693
obhadkdgdffnnbdfpigjklinjhbkinfh
1668149367.215962
0.531677
2886.955
2325.495
38860.863
229512.108
obhadkdgdffnnbdfpigjklinjhbkinfh
1668149432.185056
0.87182
2149.775
3611.4410000000003
35991.729
229125.634
obhadkdgdffnnbdfpigjklinjhbkinfh
1668149497.447925
0.365665
2585.26
1644.038
40773.211
229495.20200000002
obhadkdgdffnnbdfpigjklinjhbkinfh
1668149562.173264
0.337062
1756.221
1495.968
36132.293
229040.002
obhadkdgdffnnbdfpigjklinjhbkinfh
1668149627.005794
0.40879
2629.754
1819.88
38015.711
229077.173
obhadkdgdffnnbdfpigjklinjhbkinfh
1668149691.854708
0.418728
1655.88
1793.5140000000001
36350.676
229015.649
obhadkdgdffnnbdfpigjklinjhbkinfh
1668149756.746751
0.347682
2529.351
1572.14
39104.331
229480.98
obhadkdgdffnnbdfpigjklinjhbkinfh
1668149821.679396
0.439203
2227.411
1934.809
35860.87
229030.236
obhadkdgdffnnbdfpigjklinjhbkinfh
1668149886.505353
0.43209
3101.7380000000003
1961.5420000000001
37902.002
229370.385
obhadkdgdffnnbdfpigjklinjhbkinfh
1668149951.434305
0.44991
2094.111
1943.415
36659.391
229377.587
obhadkdgdffnnbdfpigjklinjhbkinfh
1668150081.36606
0.330868
1931.392
1474.301
36719.205
228981.71300000002
obhadkdgdffnnbdfpigjklinjhbkinfh
1668150146.296355
0.353977
2678.643
1620.846
77247.605
233351.88
obhadkdgdffnnbdfpigjklinjhbkinfh
1668150211.088786
0.326593
1900.508
1455.44
37245.998
229050.5
obhadkdgdffnnbdfpigjklinjhbkinfh
1668150275.966404
0.421589
2586.48
1868.464
37384.853
229330.529
obhadkdgdffnnbdfpigjklinjhbkinfh
1668150340.858676
0.500842
2253.717
2156.61
36773.587
228984.399
obhadkdgdffnnbdfpigjklinjhbkinfh
1668150405.963814
0.426763
2769.646
1900.874
38566.918
229314.659
obhadkdgdffnnbdfpigjklinjhbkinfh
1668150470.880807
0.446797
2148.2490000000003
1950.556
36679.96
229077.478
obhadkdgdffnnbdfpigjklinjhbkinfh
1668150535.64053
0.439041
2918.8160000000003
1973.8110000000001
39481.71
229384.117
obhadkdgdffnnbdfpigjklinjhbkinfh
1668150600.656872
0.33601
1932.978
1493.71
38381.433
229396.08000000002
obhadkdgdffnnbdfpigjklinjhbkinfh
1668150665.469674
0.334266
2602.533
1534.359
42001.418
229698.38700000002
nkbihfbeogaeaoehlefnkodbefgpgknn
1668150859.525914
0.359126
5159.1050000000005
1835.445
12501.25
226484.527
nkbihfbeogaeaoehlefnkodbefgpgknn
1668150923.190141
0.336727
4712.207
1697.993
8176.798
226343.903
nkbihfbeogaeaoehlefnkodbefgpgknn
1668150986.829927
0.402121
5987.838
2082.453
6803.999
226088.71600000001
nkbihfbeogaeaoehlefnkodbefgpgknn
1668151050.675021
0.342737
4707.691
1736.385
8112.711
226324.066
nkbihfbeogaeaoehlefnkodbefgpgknn
1668151114.279751
0.33995
4593.677
1722.0420000000001
8088.542
226220.551
nkbihfbeogaeaoehlefnkodbefgpgknn
1668151177.923509
0.332037
4741.077
1696.346
7975.688
226230.256
nkbihfbeogaeaoehlefnkodbefgpgknn
1668151241.60762
0.326725
4791.309
1685.115
8036.112
226009.858
nkbihfbeogaeaoehlefnkodbefgpgknn
1668151305.182633
0.334189
4599.109
1704.89
8687.905
226185.39500000002
nkbihfbeogaeaoehlefnkodbefgpgknn
1668151368.88281
0.330859
4663.2570000000005
1684.383
7863.872
226226.83800000002
nkbihfbeogaeaoehlefnkodbefgpgknn
1668151432.519261
0.321382
4556.934
1623.226
6810.713
226047.82200000001
nkbihfbeogaeaoehlefnkodbefgpgknn
1668151562.152065
1.949943
43932.871
11464.021
31186.931
229105.92
nkbihfbeogaeaoehlefnkodbefgpgknn
1668151627.537428
1.871109
42226.821
10950.534
31299.663
229193.749
nkbihfbeogaeaoehlefnkodbefgpgknn
1668151692.865884
3.412919
57448.156
18439.04
20627.999
228386.01200000002
nkbihfbeogaeaoehlefnkodbefgpgknn
1668151759.779029
2.000655
44330.697
11691.438
31593.853
229413.353
nkbihfbeogaeaoehlefnkodbefgpgknn
1668151825.23747
1.943312
43374.767
11373.994
31503.032
229432.152
nkbihfbeogaeaoehlefnkodbefgpgknn
1668151890.628499
2.055642
46501.284
12061.066
29275.499
229078.63700000002
nkbihfbeogaeaoehlefnkodbefgpgknn
1668151956.360713
1.899937
43543.102
11157.198
30854.047000000002
229366.723
nkbihfbeogaeaoehlefnkodbefgpgknn
1668152021.754248
1.876537
41678.544
10966.586
31575.054
229212.79200000002
nkbihfbeogaeaoehlefnkodbefgpgknn
1668152087.049744
1.910734
42810.743
11176.912
30700.238
229147.484
nkbihfbeogaeaoehlefnkodbefgpgknn
1668152152.377647
1.846329
41969.741
10834.322
31574.443
229443.627
nkbihfbeogaeaoehlefnkodbefgpgknn
1668152282.382919
0.137725
2125.3
732.054
38137.414000000004
230083.09
nkbihfbeogaeaoehlefnkodbefgpgknn
1668152346.752846
0.126812
1943.1100000000001
668.211
36354.338
229994.163
nkbihfbeogaeaoehlefnkodbefgpgknn
1668152411.193122
0.141184
2174.127
749.143
35611.97
229645.652
nkbihfbeogaeaoehlefnkodbefgpgknn
1668152475.557852
0.138103
2247.248
749.6320000000001
36243.01
229854.941
nkbihfbeogaeaoehlefnkodbefgpgknn
1668152539.924265
0.136516
2153.193
724.364
36304.778
230073.813
nkbihfbeogaeaoehlefnkodbefgpgknn
1668152604.335991
0.141942
2237.177
761.107
35290.621
229747.825
nkbihfbeogaeaoehlefnkodbefgpgknn
1668152668.665508
0.140606
2054.621
735.594
35080.537000000004
229769.859
nkbihfbeogaeaoehlefnkodbefgpgknn
1668152733.03858
0.138907
2028.742
714.109
35680.329
229831.809
nkbihfbeogaeaoehlefnkodbefgpgknn
1668152797.457303
0.1512
2363.214
799.741
35573.762
229962.241
nkbihfbeogaeaoehlefnkodbefgpgknn
1668152861.931869
0.140752
2141.413
745.726
33291.601
229758.26200000002
nkbihfbeogaeaoehlefnkodbefgpgknn
1668152991.363944
1.29815
35229.402
7977.091
26445.794
229951.133
nkbihfbeogaeaoehlefnkodbefgpgknn
1668153056.213629
1.027325
26995.903000000002
6293.685
28985.765
230422.384
nkbihfbeogaeaoehlefnkodbefgpgknn
1668153120.784074
0.29983
5748.338
1709.835
7126.019
225743.745
nkbihfbeogaeaoehlefnkodbefgpgknn
1668153184.474253
1.351502
35667.694
8454.08
99303.579
249813.326
nkbihfbeogaeaoehlefnkodbefgpgknn
1668153249.400235
0.222128
4249.2570000000005
1278.988
7330.5470000000005
225842.50100000002
nkbihfbeogaeaoehlefnkodbefgpgknn
1668153312.958645
1.20526
34311.802
7741.497
106229.891
250265.28900000002
nkbihfbeogaeaoehlefnkodbefgpgknn
1668153377.658495
0.235024
4387.501
1347.409
5737.84
225694.979
nkbihfbeogaeaoehlefnkodbefgpgknn
1668153441.214617
0.585548
2745.904
2531.488
6201.7660000000005
225932.95500000002
nkbihfbeogaeaoehlefnkodbefgpgknn
1668153505.243534
1.058711
30912.458000000002
6669.417
27700.124
230233.66400000002
nkbihfbeogaeaoehlefnkodbefgpgknn
1668153569.842496
1.028978
30644.819
6526.839
30806.806
230579.305
nkbihfbeogaeaoehlefnkodbefgpgknn
1668153699.957683
0.544119
6283.37
2654.23
6970.136
225269.442
nkbihfbeogaeaoehlefnkodbefgpgknn
1668153764.438162
0.734044
7996.196
3563.285
4230.885
225348.84900000002
nkbihfbeogaeaoehlefnkodbefgpgknn
1668153829.076925
0.658884
7311.81
3321.464
4593.9220000000005
225282.87
nkbihfbeogaeaoehlefnkodbefgpgknn
1668153893.733313
0.577296
6474.1050000000005
2811.3940000000002
4874.133
225207.00400000002
nkbihfbeogaeaoehlefnkodbefgpgknn
1668153958.211047
0.451382
7129.194
2393.488
5905.502
225491.793
nkbihfbeogaeaoehlefnkodbefgpgknn
1668154022.646854
0.473156
6202.438
2374.262
5305.895
225235.263
nkbihfbeogaeaoehlefnkodbefgpgknn
1668154087.020918
2.011468
7269.513
8511.941
5300.584
225394.076
nkbihfbeogaeaoehlefnkodbefgpgknn
1668154152.976298
0.447359
5918.076
2280.756
4912.768
225273.105
nkbihfbeogaeaoehlefnkodbefgpgknn
1668154217.30772
0.536077
6431.197
2724.358
4616.3820000000005
225335.483
nkbihfbeogaeaoehlefnkodbefgpgknn
1668154281.784782
0.713959
6358.5650000000005
3387.687
6657.149
225548.434
nkbihfbeogaeaoehlefnkodbefgpgknn
1668154414.813291
3.084867
60708.219000000005
16973.101
101106.91900000001
240141.17
nkbihfbeogaeaoehlefnkodbefgpgknn
1668154481.558283
2.920383
55244.793
16041.097
99102.956
240072.2
nkbihfbeogaeaoehlefnkodbefgpgknn
1668154548.164482
2.737348
51408.011
14898.887
96021.66500000001
239507.627
nkbihfbeogaeaoehlefnkodbefgpgknn
1668154614.598593
3.818074
54438.215000000004
19375.682
108061.796
240463.557
nkbihfbeogaeaoehlefnkodbefgpgknn
1668154682.168586
3.643939
52083.973
18459.853
99095.022
239536.007
nkbihfbeogaeaoehlefnkodbefgpgknn
1668154749.560854
3.650785
53993.514
18745.069
108981.716
240668.329
nkbihfbeogaeaoehlefnkodbefgpgknn
1668154817.000666
3.218928
56829.201
17152.422
94828.371
239463.25400000002
nkbihfbeogaeaoehlefnkodbefgpgknn
1668154883.925456
3.326373
53859.786
17388.75
107969.511
240422.358
nkbihfbeogaeaoehlefnkodbefgpgknn
1668154951.025021
2.652341
54618.085
14914.085000000001
101346.848
239627.377
nkbihfbeogaeaoehlefnkodbefgpgknn
1668155017.448373
3.503642
55289.592000000004
18323.867000000002
101799.605
240272.09
nkbihfbeogaeaoehlefnkodbefgpgknn
1668155150.802421
1.33318
12481.108
6190.902
59803.619
241172.234
nkbihfbeogaeaoehlefnkodbefgpgknn
1668155216.064152
1.311538
12592.802
6142.6230000000005
57785.008
240773.249
nkbihfbeogaeaoehlefnkodbefgpgknn
1668155281.302653
1.010136
4275.197
4367.604
11570.283
225579.928
nkbihfbeogaeaoehlefnkodbefgpgknn
1668155345.967516
1.188363
6710.493
5227.831
64686.846
241617.973
nkbihfbeogaeaoehlefnkodbefgpgknn
1668155411.170031
1.109678
6466.292
4880.419
64582.477
241486.992
nkbihfbeogaeaoehlefnkodbefgpgknn
1668155476.286572
1.49902
12114.166000000001
6816.877
60176.177
241035.394
nkbihfbeogaeaoehlefnkodbefgpgknn
1668155541.756629
1.318595
12379.729
6142.9890000000005
58356.418
240996.759
nkbihfbeogaeaoehlefnkodbefgpgknn
1668155607.003926
1.352152
12347.441
6240.584
58242.222
241340.081
nkbihfbeogaeaoehlefnkodbefgpgknn
1668155672.300441
1.488934
11865.021
6778.608
60139.8
241215.935
nkbihfbeogaeaoehlefnkodbefgpgknn
1668155737.692657
1.13417
6558.577
5007.189
64732.805
241161.614
nkbihfbeogaeaoehlefnkodbefgpgknn
1668155868.870208
4.381958
62792.747
22304.02
68193.00200000001
231998.979
nkbihfbeogaeaoehlefnkodbefgpgknn
1668155936.64784
1.270184
14346.949
6138.29
129343.418
237354.373
nkbihfbeogaeaoehlefnkodbefgpgknn
1668156001.363839
0.906395
13681.300000000001
4684.6810000000005
120817.07400000001
236862.491
nkbihfbeogaeaoehlefnkodbefgpgknn
1668156065.720818
2.047874
55836.222
12223.846
70950.807
233212.782
nkbihfbeogaeaoehlefnkodbefgpgknn
1668156131.264359
0.852673
13912.501
4518.9710000000005
113128.312
235959.296
nkbihfbeogaeaoehlefnkodbefgpgknn
1668156195.604435
1.291756
29189.440000000002
7377.545
73419.55
232777.968
nkbihfbeogaeaoehlefnkodbefgpgknn
1668156260.380931
0.858644
14350.855
4562.061
103890.298
235796.333
nkbihfbeogaeaoehlefnkodbefgpgknn
1668156324.671749
2.476684
61462.489
14295.069
71358.643
233212.476
nkbihfbeogaeaoehlefnkodbefgpgknn
1668156390.640578
2.799356
71978.759
16374.836000000001
59188.813
232268.75400000002
nkbihfbeogaeaoehlefnkodbefgpgknn
1668156456.835986
1.753705
42203.993
10190.648000000001
84965.725
234168.77300000002
nkbihfbeogaeaoehlefnkodbefgpgknn
1668156586.220598
0.138836
2110.163
725.279
5416.612
225881.075
nkbihfbeogaeaoehlefnkodbefgpgknn
1668156649.660473
0.133768
2057.185
692.442
7443.035
225866.365
nkbihfbeogaeaoehlefnkodbefgpgknn
1668156713.047143
0.139935
2098.078
728.636
5870.956
226003.084
nkbihfbeogaeaoehlefnkodbefgpgknn
1668156776.504152
0.137658
2067.683
720.823
5709.03
225829.256
nkbihfbeogaeaoehlefnkodbefgpgknn
1668156839.903126
0.138893
2182.6730000000002
729.673
5423.082
225875.765
nkbihfbeogaeaoehlefnkodbefgpgknn
1668156903.337492
0.136789
2119.929
706.725
5959.091
225948.335
nkbihfbeogaeaoehlefnkodbefgpgknn
1668156966.782834
0.137545
2132.8070000000002
729.368
5633.347
225959.871
nkbihfbeogaeaoehlefnkodbefgpgknn
1668157030.311844
0.139493
2048.884
727.659
5744.126
225980.928
nkbihfbeogaeaoehlefnkodbefgpgknn
1668157093.754843
0.127176
2014.643
675.9010000000001
6058.457
225866.427
nkbihfbeogaeaoehlefnkodbefgpgknn
1668157157.166495
0.133156
1937.557
684.386
5665.512
225762.85
nkbihfbeogaeaoehlefnkodbefgpgknn
1668157287.229419
1.401012
31841.289
8117.289
29538.254
232014.665
nkbihfbeogaeaoehlefnkodbefgpgknn
1668157353.665579
1.147582
27331.961
6798.994
21361.701
231675.31
nkbihfbeogaeaoehlefnkodbefgpgknn
1668157419.976181
1.236227
25374.691
7055.463
19668.712
231491.839
nkbihfbeogaeaoehlefnkodbefgpgknn
1668157486.38396
1.070349
25254.085
6345.504
20618.783
231363.91
nkbihfbeogaeaoehlefnkodbefgpgknn
1668157552.585312
1.139788
28759.021
6816.205
21382.88
231673.72400000002
nkbihfbeogaeaoehlefnkodbefgpgknn
1668157618.865648
1.106085
28447.315000000002
6709.8820000000005
21174.14
231558.734
nkbihfbeogaeaoehlefnkodbefgpgknn
1668157685.182088
1.171132
30125.29
7059.552000000001
27153.556
232186.967
nkbihfbeogaeaoehlefnkodbefgpgknn
1668157751.451005
1.804332
36228.85
10180.027
16886.126
231173.115
nkbihfbeogaeaoehlefnkodbefgpgknn
1668157818.20741
0.977746
24423.217
5880.295
21434.088
231596.209
nkbihfbeogaeaoehlefnkodbefgpgknn
1668157884.199108
0.992666
24678.831000000002
5969.345
22444.767
231692.583
